1 454.9 307.4 459.3 309.4 469.2 287.7 464.9 285.7 0.6965
1 946.7 400.4 947.5 403.8 960.5 400.6 959.7 397.2 0.6560
1 438.1 287.7 440.3 283.0 419.9 273.5 417.7 278.2 0.6430
1 451.1 265.7 455.4 267.8 464.3 249.3 459.9 247.2 0.6332
1 414.5 271.3 418.9 273.4 428.6 253.4 424.2 251.3 0.5542
1 466.4 281.3 470.1 283.0 480.5 260.8 476.8 259.0 0.4510
1 425.4 249.2 429.4 251.0 434.4 239.9 430.4 238.1 0.3832
1 478.3 254.7 482.3 256.5 489.7 239.7 485.7 237.9 0.3454
1 500.2 322.5 502.4 323.4 505.9 314.4 503.6 313.5 0.2868
1 459.5 245.1 464.4 247.7 473.4 230.2 468.4 227.7 0.2541
1 439.1 285.4 444.2 288.1 454.1 269.4 449.0 266.7 0.2073
1 411.0 435.8 415.5 438.0 423.7 421.3 419.2 419.1 0.1592
