1 796.1 993.3 800.7 996.0 812.7 975.5 808.0 972.8 0.7834
1 1212.7 341.7 1215.0 342.7 1219.8 332.2 1217.4 331.1 0.6306
1 414.0 272.3 418.2 274.3 428.6 253.3 424.4 251.2 0.4661
1 467.5 281.0 471.1 282.5 480.0 261.6 476.5 260.1 0.3844
1 412.7 434.0 417.1 436.2 424.7 421.0 420.3 418.8 0.3816
1 425.7 249.2 429.5 251.1 435.1 240.0 431.3 238.1 0.2909
1 511.1 397.5 516.5 397.3 515.1 367.7 509.7 368.0 0.2474
1 390.0 254.1 396.4 257.5 405.7 239.9 399.4 236.5 0.1963
1 405.6 402.2 407.3 403.4 412.6 395.4 410.8 394.2 0.1916
1 440.1 289.3 442.2 284.7 419.3 274.1 417.2 278.7 0.1855
1 398.9 430.0 401.5 430.4 403.2 417.8 400.6 417.5 0.1771
1 459.4 312.1 465.1 314.6 477.6 286.4 471.9 283.9 0.1511
1 687.8 1109.6 687.9 1103.9 678.7 1103.7 678.6 1109.4 0.1363
1 796.4 996.1 800.0 996.2 800.1 987.8 796.4 987.8 0.1250
