1 707.6 984.9 719.7 968.7 715.6 965.6 703.4 981.9 0.8112
1 460.5 307.6 469.1 288.5 465.0 286.7 456.4 305.7 0.7914
1 477.3 380.6 481.0 378.0 468.1 359.4 464.4 361.9 0.7686
1 402.2 397.4 412.5 377.1 408.9 375.3 398.7 395.6 0.7472
1 437.1 288.0 439.1 283.9 421.9 275.2 419.8 279.3 0.7429
1 486.1 333.2 494.7 316.1 491.0 314.2 482.4 331.3 0.7423
1 472.1 280.6 480.7 260.5 476.8 258.8 468.2 278.9 0.7318
1 464.5 315.5 474.6 293.4 468.8 290.7 458.7 312.9 0.6983
1 412.8 375.5 421.3 358.8 418.1 357.2 409.6 373.9 0.6887
1 630.3 497.5 632.0 495.1 620.3 486.8 618.6 489.2 0.6735
1 428.8 251.4 438.7 231.6 434.9 229.7 425.0 249.5 0.6616
1 510.5 387.9 510.9 369.9 507.2 369.8 506.8 387.8 0.5280
1 414.3 437.7 423.3 420.3 419.4 418.3 410.4 435.7 0.4385
1 439.8 229.0 449.5 209.1 445.3 207.1 435.7 227.0 0.4281
1 525.6 406.5 526.5 384.5 521.5 384.3 520.6 406.3 0.3525
1 465.1 369.7 470.4 369.5 470.2 360.1 464.9 360.2 0.2962
1 476.3 287.0 488.4 260.2 483.1 257.8 471.0 284.6 0.2859
1 471.7 329.2 474.0 315.7 462.4 313.8 460.2 327.3 0.2699
1 537.5 475.0 541.8 471.8 530.4 456.5 526.1 459.7 0.2044
1 535.4 282.6 536.2 280.6 528.1 277.2 527.3 279.2 0.1747
1 424.6 266.1 429.1 257.6 426.2 256.0 421.7 264.5 0.1607
1 563.4 479.6 565.6 478.0 561.3 472.0 559.1 473.6 0.1593
1 384.0 310.7 393.0 309.8 392.7 306.6 383.6 307.5 0.1575
1 901.8 227.4 909.1 227.2 909.0 224.1 901.7 224.3 0.1053
