1 434.2 622.8 438.7 625.4 448.3 608.7 443.8 606.2 0.7102
1 404.1 421.6 408.7 423.0 414.7 404.3 410.0 402.8 0.7007
1 580.5 386.6 585.4 388.4 591.9 371.0 587.1 369.2 0.5999
1 500.0 517.1 505.0 518.9 512.5 498.8 507.5 497.0 0.5994
1 254.8 217.9 260.0 216.8 255.8 197.1 250.7 198.2 0.5590
1 523.9 451.4 528.9 453.1 535.2 434.6 530.2 432.9 0.5028
1 573.4 39.7 577.1 41.8 583.8 29.9 580.0 27.8 0.3661
1 321.9 516.5 325.0 518.2 331.1 507.3 328.1 505.6 0.3661
1 703.4 183.4 706.0 186.6 718.2 176.5 715.6 173.4 0.3325
1 277.4 642.0 282.1 644.9 291.7 629.4 287.0 626.4 0.3320
1 225.6 705.9 230.2 707.3 234.0 694.9 229.4 693.5 0.2913
1 689.2 305.5 691.6 307.3 701.5 294.1 699.1 292.3 0.2293
1 235.4 792.6 235.5 787.6 228.2 787.5 228.2 792.5 0.2047
1 260.2 241.5 264.6 240.6 260.8 221.3 256.3 222.2 0.1982
1 385.4 511.4 388.7 513.4 397.0 499.3 393.7 497.4 0.1725
1 81.7 548.6 87.9 552.9 98.6 537.9 92.4 533.5 0.1594
1 465.8 566.4 471.0 568.8 479.3 551.1 474.1 548.7 0.1350
1 374.6 749.0 377.3 751.2 384.2 742.9 381.5 740.6 0.1245
