1 534.2 476.6 537.8 479.2 550.6 462.2 547.1 459.5 0.7805
1 551.2 531.0 554.8 533.6 567.2 516.5 563.6 513.8 0.7659
1 457.0 601.3 460.6 603.7 471.4 587.5 467.8 585.1 0.7458
1 537.4 600.9 541.9 603.8 553.5 585.6 548.9 582.7 0.7165
1 329.6 489.1 332.6 491.2 340.5 479.7 337.5 477.7 0.6997
1 258.8 148.7 262.7 149.4 266.3 131.3 262.5 130.5 0.6965
1 562.9 410.0 566.5 412.8 578.3 397.1 574.7 394.4 0.6714
1 255.5 219.0 260.5 218.0 255.7 194.9 250.7 196.0 0.6688
1 260.2 242.0 264.6 241.2 261.5 223.0 257.1 223.8 0.6562
1 287.7 565.7 288.3 568.6 303.5 565.4 302.9 562.5 0.6421
1 540.4 697.8 543.3 700.4 552.0 690.5 549.1 687.9 0.6392
1 243.2 758.8 246.3 761.0 256.9 746.1 253.8 743.8 0.6340
1 528.9 650.6 531.4 651.9 535.6 643.3 533.1 642.0 0.5453
1 267.5 651.2 270.4 653.1 277.0 643.2 274.1 641.2 0.5285
1 387.9 475.6 391.0 477.1 397.2 464.4 394.1 462.9 0.5150
1 215.1 132.6 218.4 133.2 221.0 119.8 217.7 119.1 0.5062
1 301.6 529.2 305.0 531.2 312.2 519.0 308.8 517.0 0.4644
1 243.6 241.0 247.9 240.3 245.1 223.8 240.7 224.6 0.4259
1 422.4 792.0 422.5 787.1 417.4 787.0 417.3 791.9 0.3385
1 66.2 487.7 76.4 474.0 60.5 462.1 50.2 475.8 0.3327
1 173.4 753.4 175.5 754.9 180.4 747.8 178.3 746.3 0.2940
1 341.5 413.7 344.2 415.1 349.9 404.2 347.2 402.7 0.2510
1 255.7 48.3 258.5 49.0 260.5 40.4 257.8 39.7 0.1581
1 320.8 506.2 323.5 506.6 325.6 493.8 322.9 493.4 0.1386
1 229.9 140.6 230.7 137.6 219.1 134.6 218.4 137.5 0.1377
1 285.3 489.8 287.3 491.0 293.0 481.9 290.9 480.6 0.1280
1 246.6 239.6 246.6 245.8 261.8 245.8 261.8 239.6 0.1097
