1 524.8 452.5 529.5 456.0 542.9 438.2 538.3 434.7 0.7639
1 509.6 504.0 514.2 508.1 528.4 492.2 523.8 488.1 0.7133
1 204.3 738.8 207.9 740.9 214.5 729.5 210.9 727.4 0.5755
1 360.9 78.1 366.2 79.3 370.9 58.2 365.6 57.0 0.4550
1 302.4 528.9 306.3 530.5 311.5 518.1 307.6 516.5 0.4250
1 414.7 536.9 418.3 538.4 423.3 527.1 419.7 525.5 0.4235
1 255.0 217.9 260.1 217.0 256.3 195.4 251.2 196.3 0.3917
1 326.5 494.0 328.9 495.0 332.3 486.5 329.8 485.5 0.2624
1 335.5 452.3 338.7 453.1 341.7 442.1 338.5 441.2 0.2542
1 490.9 733.6 494.2 735.7 500.6 725.2 497.2 723.1 0.2314
1 70.2 486.5 74.1 469.3 55.1 464.9 51.1 482.1 0.2206
1 418.8 584.8 421.2 585.8 425.0 577.5 422.6 576.4 0.2086
1 361.0 414.7 363.1 415.3 365.2 408.7 363.0 408.0 0.1751
1 610.7 642.8 613.7 645.5 621.6 636.9 618.7 634.2 0.1740
1 523.4 738.1 526.2 740.1 533.0 730.9 530.2 728.9 0.1730
1 253.6 242.9 259.8 241.9 255.5 216.0 249.3 217.0 0.1601
1 284.2 211.9 287.5 214.6 299.3 200.4 296.1 197.8 0.1559
1 232.5 204.9 234.9 205.3 236.2 197.6 233.8 197.2 0.1382
1 358.9 646.6 361.0 645.7 358.5 639.8 356.4 640.7 0.1251
