1 542.2 251.3 546.9 253.3 555.8 232.4 551.1 230.4 0.8141
1 258.0 152.8 262.4 153.7 266.5 133.9 262.0 133.0 0.8078
1 273.0 698.9 276.6 701.5 287.8 686.0 284.2 683.3 0.7691
1 456.7 585.6 460.4 588.1 471.6 571.5 467.9 569.0 0.7653
1 286.3 585.0 289.5 587.0 299.1 572.0 295.9 570.0 0.7641
1 176.8 755.1 180.6 758.3 193.1 743.4 189.3 740.2 0.7581
1 436.4 646.1 440.6 650.0 454.2 635.8 450.1 631.8 0.7545
1 220.2 707.7 223.8 710.7 233.7 698.8 230.1 695.8 0.7341
1 263.1 129.6 267.0 130.5 271.1 112.0 267.3 111.1 0.7281
1 555.6 513.3 558.6 515.9 568.6 504.8 565.6 502.1 0.7256
1 261.1 243.7 266.0 242.8 261.3 217.3 256.4 218.2 0.7151
1 255.1 214.5 259.1 213.7 255.4 194.9 251.4 195.6 0.7037
1 563.0 463.0 565.4 465.6 575.3 456.2 572.8 453.6 0.6926
1 294.1 760.4 297.3 763.6 306.1 754.9 302.9 751.6 0.6852
1 391.9 736.9 396.3 739.7 408.9 720.0 404.5 717.2 0.6029
1 267.8 621.0 270.1 622.6 276.7 613.4 274.4 611.8 0.6013
1 263.6 652.0 265.7 653.3 271.4 644.3 269.4 643.0 0.5927
1 230.8 771.8 233.0 773.2 239.8 762.9 237.6 761.5 0.5690
1 247.4 290.7 260.2 299.8 271.5 284.0 258.7 274.8 0.5616
1 405.6 437.4 408.3 437.0 407.1 428.8 404.4 429.2 0.5362
1 255.8 247.6 260.4 247.6 260.6 223.2 256.0 223.2 0.5299
1 256.4 561.5 259.0 563.2 268.1 549.3 265.5 547.6 0.5121
1 561.0 515.4 561.2 511.7 556.6 511.4 556.4 515.1 0.5109
1 439.0 284.7 440.9 286.6 449.2 278.4 447.3 276.4 0.4827
1 300.2 465.1 302.6 467.3 309.3 459.8 306.9 457.7 0.4575
1 521.3 181.8 523.2 183.2 527.9 176.6 526.0 175.2 0.4400
1 706.8 521.0 710.2 522.7 714.7 513.8 711.4 512.1 0.4330
1 399.1 724.9 402.8 727.4 407.2 721.2 403.6 718.6 0.4081
1 363.9 790.9 368.5 793.5 376.2 779.9 371.6 777.3 0.4024
1 403.4 725.3 407.8 727.8 414.6 716.0 410.2 713.5 0.3517
1 535.4 117.9 537.0 119.1 541.1 113.1 539.4 112.0 0.3405
1 419.5 792.7 423.3 791.8 421.5 784.6 417.8 785.5 0.3320
1 243.4 691.8 245.5 693.2 249.6 686.9 247.5 685.5 0.3219
1 267.5 130.4 267.6 127.9 263.0 127.8 262.9 130.2 0.3212
1 610.8 452.1 612.7 454.3 618.1 449.5 616.2 447.4 0.2761
1 543.1 44.4 545.1 45.7 549.6 38.9 547.6 37.6 0.2742
1 255.9 215.2 259.3 215.2 259.3 197.2 255.9 197.2 0.2720
1 409.2 267.6 411.7 268.7 414.6 262.1 412.2 261.0 0.2652
1 629.4 504.2 630.9 506.0 637.3 501.0 635.8 499.1 0.2519
1 541.1 10.6 543.0 11.8 547.0 5.1 545.0 4.0 0.2223
1 334.4 488.1 337.3 487.7 336.6 482.3 333.6 482.7 0.2208
1 654.9 2.7 657.1 4.9 661.6 0.5 659.4 -1.7 0.2138
1 378.8 35.0 382.6 35.3 383.9 21.3 380.2 21.0 0.1994
1 603.2 653.7 604.9 655.1 610.3 648.6 608.6 647.2 0.1935
1 263.0 240.4 267.8 235.0 253.6 222.4 248.8 227.9 0.1855
1 577.7 791.0 581.7 794.9 586.8 789.6 582.7 785.7 0.1805
1 460.1 301.0 462.2 302.8 467.5 296.3 465.4 294.5 0.1715
1 225.2 139.2 225.8 136.4 217.5 134.7 217.0 137.5 0.1569
1 575.1 561.2 577.2 562.4 580.0 557.6 577.9 556.4 0.1454
1 501.3 124.3 503.5 125.6 508.1 118.0 506.0 116.7 0.1401
1 246.7 130.0 249.7 130.6 252.7 116.4 249.7 115.8 0.1290
1 475.0 130.2 477.5 131.5 479.2 128.2 476.8 126.9 0.1231
1 1.4 512.3 1.5 527.9 27.6 527.7 27.5 512.2 0.1213
1 256.0 136.9 258.4 137.0 258.5 128.2 256.1 128.2 0.1201
1 308.3 363.0 308.8 353.2 294.3 352.5 293.8 362.3 0.1186
1 249.9 172.6 254.2 173.4 258.0 153.2 253.7 152.3 0.1141
1 420.6 169.0 422.6 170.4 427.5 162.8 425.4 161.5 0.1079
1 329.3 705.6 331.2 705.1 330.0 700.5 328.0 701.0 0.1065
1 81.2 548.3 86.8 553.1 98.5 539.3 92.9 534.5 0.1054
