1 573.6 401.8 577.8 402.3 580.0 384.1 575.8 383.6 0.8126
1 199.1 790.3 202.9 792.9 214.0 776.6 210.2 774.0 0.8063
1 542.0 577.3 546.2 578.8 553.1 559.4 548.8 557.9 0.8011
1 289.0 664.3 292.7 665.9 299.6 649.9 295.9 648.3 0.7981
1 538.1 458.5 543.1 459.4 546.0 441.8 541.0 441.0 0.7973
1 461.2 617.7 465.7 620.4 476.0 603.0 471.5 600.3 0.7939
1 339.4 580.4 343.5 581.7 349.3 563.9 345.3 562.6 0.7908
1 470.6 573.0 474.3 574.1 479.9 555.2 476.2 554.1 0.7841
1 281.8 572.6 284.9 573.2 287.9 558.2 284.9 557.6 0.7539
1 226.3 681.3 228.9 682.5 234.5 670.4 231.9 669.2 0.7474
1 509.1 509.1 513.0 509.6 515.7 490.5 511.9 490.0 0.7415
1 354.7 791.4 357.6 795.2 370.0 785.4 367.0 781.7 0.6860
1 294.2 614.9 296.5 615.8 300.0 607.3 297.6 606.3 0.6430
1 567.1 668.2 570.6 669.0 573.3 657.0 569.8 656.2 0.6292
1 616.1 642.2 618.2 642.9 620.9 634.8 618.9 634.1 0.5888
1 558.8 791.3 560.8 792.7 566.4 784.6 564.5 783.3 0.5657
1 650.5 311.3 652.6 312.0 654.9 304.7 652.9 304.0 0.5619
1 569.8 519.1 572.1 520.0 575.1 512.2 572.8 511.3 0.5606
1 627.0 436.8 631.2 437.0 631.6 425.4 627.4 425.3 0.5141
1 631.0 779.4 632.8 780.3 636.0 774.0 634.2 773.1 0.5136
1 289.2 468.9 292.3 469.1 293.1 456.9 290.0 456.7 0.5089
1 642.4 210.7 644.7 213.4 650.6 208.6 648.4 205.8 0.4985
1 642.3 678.6 643.9 679.1 645.8 673.2 644.2 672.7 0.4686
1 496.9 136.9 499.2 136.7 498.2 128.2 495.9 128.4 0.4634
1 597.0 789.1 598.6 790.2 602.7 784.5 601.1 783.3 0.4463
1 520.3 273.5 522.8 274.0 524.6 265.1 522.1 264.6 0.4339
1 617.9 523.4 620.4 526.5 628.9 519.6 626.4 516.5 0.4191
1 634.9 623.6 636.4 626.3 645.3 621.4 643.8 618.7 0.3787
1 598.1 475.7 600.4 476.3 602.1 469.6 599.8 469.0 0.3376
1 343.8 451.0 345.6 452.2 349.4 446.5 347.6 445.3 0.3134
1 652.5 163.7 654.6 165.7 659.7 160.2 657.6 158.2 0.2989
1 519.8 551.0 521.7 551.3 522.8 544.3 520.9 544.0 0.2747
1 612.8 758.1 614.8 759.4 618.5 753.5 616.5 752.2 0.2697
1 454.5 205.2 456.8 204.8 455.8 198.3 453.4 198.7 0.2683
1 529.7 163.4 531.8 163.7 532.8 157.1 530.7 156.8 0.2485
1 605.2 590.8 609.0 591.1 609.7 582.1 605.9 581.8 0.2302
1 551.7 82.8 552.0 80.3 545.8 79.5 545.5 82.1 0.2247
1 599.6 542.9 602.7 542.4 601.3 533.2 598.2 533.6 0.2153
1 504.8 221.7 507.6 221.8 507.8 213.4 505.0 213.3 0.2142
1 544.1 199.2 544.9 201.0 550.4 198.5 549.6 196.8 0.2066
1 525.9 185.3 528.3 185.4 528.5 177.5 526.1 177.4 0.2031
1 477.4 222.3 479.4 222.9 481.8 215.2 479.8 214.6 0.1960
1 366.1 431.8 368.7 432.2 370.0 423.8 367.4 423.4 0.1881
1 406.6 183.0 409.0 182.2 406.7 174.8 404.3 175.6 0.1799
1 128.5 90.3 130.0 88.2 125.4 84.9 123.9 87.0 0.1575
1 515.9 149.7 518.0 149.5 517.3 142.9 515.3 143.1 0.1448
1 136.3 63.8 138.0 62.5 134.1 57.4 132.4 58.7 0.1429
1 339.4 581.6 341.3 581.6 341.3 575.7 339.5 575.7 0.1342
1 138.9 61.8 140.8 60.5 137.6 55.9 135.7 57.3 0.1287
1 465.5 5.3 467.7 5.3 467.7 0.0 465.6 -0.0 0.1258
