1 388.3 473.4 392.7 475.2 400.5 456.1 396.1 454.3 0.7787
1 452.1 561.8 456.6 563.9 465.3 544.8 460.8 542.8 0.7688
1 487.8 522.1 491.7 524.5 502.9 506.9 499.1 504.5 0.7667
1 270.2 112.7 273.8 113.5 278.4 94.8 274.8 93.9 0.7640
1 261.1 232.4 265.5 231.7 262.4 212.2 257.9 213.0 0.7610
1 554.8 249.0 558.8 251.7 571.3 233.6 567.3 230.9 0.7549
1 518.4 466.3 522.8 470.3 537.5 454.4 533.2 450.4 0.7548
1 263.7 137.4 267.8 138.4 272.3 119.1 268.2 118.1 0.7548
1 257.1 209.7 261.6 209.1 258.3 186.4 253.7 187.1 0.7483
1 258.0 161.2 262.4 162.2 267.1 142.0 262.7 141.0 0.7448
1 588.0 448.5 590.7 450.4 596.8 441.7 594.1 439.8 0.6877
1 298.0 509.2 300.4 510.4 306.3 498.4 303.9 497.2 0.6723
1 328.5 457.9 330.8 459.8 337.6 451.3 335.2 449.5 0.6649
1 478.5 328.6 480.8 329.5 484.2 321.4 481.9 320.4 0.5979
1 268.7 570.6 270.9 572.5 277.2 565.3 275.1 563.4 0.5951
1 369.5 68.1 372.8 68.9 377.1 51.8 373.8 51.0 0.5878
1 611.7 482.8 614.1 483.7 617.5 474.8 615.0 473.9 0.5734
1 424.3 269.2 426.6 269.8 428.8 262.6 426.5 261.9 0.5639
1 457.3 299.8 459.5 300.8 462.7 293.6 460.5 292.6 0.5516
1 219.6 121.3 224.2 122.4 227.8 106.4 223.2 105.4 0.5480
1 245.5 240.0 248.6 239.6 247.0 226.7 243.8 227.1 0.5240
1 490.2 305.8 492.3 306.5 494.8 299.4 492.7 298.7 0.5125
1 446.7 246.2 448.9 246.8 450.7 240.0 448.5 239.4 0.4973
1 618.3 418.7 620.8 419.5 623.5 411.1 620.9 410.2 0.4961
1 451.1 275.2 453.1 276.3 456.7 270.1 454.6 268.9 0.4899
1 469.0 307.2 471.3 308.2 474.4 301.0 472.2 300.1 0.4734
1 623.4 193.7 624.6 195.7 631.3 191.7 630.1 189.7 0.4694
1 539.1 642.4 541.5 647.0 550.8 642.1 548.4 637.4 0.4648
1 484.9 275.8 487.0 276.8 490.6 269.9 488.6 268.8 0.4518
1 459.1 207.5 461.2 208.3 463.9 200.8 461.8 200.1 0.4443
1 236.7 131.4 237.6 128.0 222.4 123.9 221.5 127.4 0.4412
1 469.9 248.8 471.9 249.8 474.7 243.6 472.6 242.7 0.4142
1 556.2 250.9 559.9 251.3 560.7 243.2 557.0 242.9 0.3860
1 430.9 208.8 432.9 209.4 434.9 202.7 432.9 202.1 0.3801
1 243.1 220.4 246.4 219.9 244.6 206.5 241.3 206.9 0.3500
1 254.1 78.1 257.0 78.7 259.7 65.8 256.8 65.2 0.3341
1 469.1 137.4 471.2 138.5 474.7 132.1 472.5 130.9 0.3215
1 408.5 138.1 410.7 138.6 412.2 131.8 410.0 131.3 0.3073
1 225.4 96.5 228.4 97.6 233.3 83.6 230.2 82.5 0.2971
1 227.2 98.9 230.2 99.9 234.6 87.3 231.6 86.2 0.2768
1 241.1 66.4 244.1 67.1 246.7 55.1 243.7 54.4 0.2739
1 477.3 191.2 479.5 192.0 482.0 184.7 479.8 183.9 0.2724
1 321.1 393.4 324.6 394.0 326.8 381.1 323.3 380.5 0.2698
1 384.9 422.3 387.1 423.6 390.3 418.1 388.1 416.9 0.2675
1 258.3 277.2 261.1 278.5 264.8 270.1 262.0 268.8 0.2667
1 460.1 74.6 461.5 75.9 465.9 71.1 464.5 69.8 0.2558
1 429.3 127.0 431.4 127.6 433.1 121.7 431.1 121.1 0.2552
1 255.2 286.6 257.7 288.7 263.9 281.4 261.5 279.3 0.2527
1 499.9 202.5 501.8 203.4 505.0 196.9 503.1 195.9 0.2508
1 439.9 104.7 442.0 105.5 444.7 98.2 442.7 97.5 0.2475
1 485.3 18.5 486.1 20.6 492.0 18.2 491.1 16.0 0.2270
1 480.9 155.2 483.1 156.1 484.9 151.0 482.7 150.1 0.2163
1 414.8 221.0 416.8 221.5 418.8 213.6 416.8 213.1 0.1996
1 440.3 191.6 442.6 192.4 444.7 186.0 442.4 185.3 0.1944
1 247.0 237.9 250.1 237.4 247.6 222.2 244.5 222.8 0.1939
1 494.9 180.4 496.7 181.1 499.0 174.9 497.2 174.2 0.1934
1 497.9 107.3 499.9 108.0 502.0 101.8 499.9 101.2 0.1886
1 204.1 257.1 205.7 260.5 223.0 252.4 221.4 249.0 0.1663
1 197.5 329.0 197.6 333.8 215.0 333.7 214.9 328.9 0.1631
1 522.0 53.2 523.5 54.6 528.7 49.2 527.2 47.8 0.1504
1 74.0 532.9 77.8 536.0 88.3 523.3 84.5 520.2 0.1472
1 241.1 209.5 244.8 209.0 243.0 196.0 239.4 196.5 0.1420
1 456.9 176.1 458.9 177.1 462.3 170.1 460.2 169.1 0.1365
1 256.8 99.0 260.7 99.8 264.4 82.3 260.5 81.5 0.1292
1 399.5 166.6 401.6 167.3 403.9 159.6 401.8 159.0 0.1284
1 467.7 224.8 469.8 225.5 472.3 218.8 470.2 218.0 0.1211
1 453.1 137.1 455.1 138.2 458.3 132.0 456.2 131.0 0.1092
