1 255.5 217.0 259.8 216.1 255.4 196.2 251.2 197.2 0.6461
1 462.1 553.6 468.0 557.5 479.6 539.8 473.7 535.9 0.5651
1 257.9 735.1 264.3 739.8 276.8 722.6 270.4 717.9 0.5285
1 400.1 462.6 407.1 465.5 414.2 448.2 407.3 445.3 0.4966
1 66.3 485.2 73.1 476.4 58.1 464.6 51.2 473.4 0.4911
1 260.0 240.9 264.5 240.1 261.0 221.6 256.5 222.4 0.3801
1 81.5 548.0 86.2 552.4 96.7 541.3 92.0 536.8 0.3587
1 -6.1 488.0 4.3 496.4 19.6 477.5 9.2 469.1 0.2691
1 362.2 72.1 366.6 73.0 370.1 56.1 365.7 55.2 0.2610
1 376.4 238.5 380.3 237.7 378.6 228.5 374.7 229.3 0.2282
1 500.7 501.8 506.2 504.6 515.7 485.8 510.1 483.0 0.1772
1 353.1 785.5 357.6 789.0 367.3 776.6 362.9 773.1 0.1216
1 551.1 433.9 557.9 436.2 564.1 418.3 557.3 416.0 0.1089
