1 190.8 786.6 195.6 789.2 205.4 771.5 200.6 768.9 0.8013
1 178.7 733.5 184.0 735.3 189.6 718.9 184.3 717.0 0.7904
1 537.4 453.4 542.7 454.2 545.5 434.1 540.1 433.4 0.7805
1 257.9 150.4 262.1 151.3 266.5 129.6 262.4 128.8 0.7756
1 290.4 792.0 294.6 794.6 303.6 780.2 299.5 777.6 0.6822
1 219.1 675.0 222.7 675.7 225.2 662.7 221.6 662.1 0.6804
1 502.6 524.2 506.8 525.4 512.4 505.9 508.1 504.7 0.6504
1 337.6 573.5 341.8 574.2 344.8 555.8 340.7 555.1 0.6416
1 255.0 217.5 258.8 216.7 254.7 196.8 250.9 197.5 0.6293
1 478.5 579.6 484.3 581.5 490.0 563.6 484.2 561.7 0.6092
1 344.4 611.8 349.4 613.2 354.0 596.9 349.0 595.5 0.6015
1 573.5 396.1 577.6 397.1 581.3 381.0 577.3 380.1 0.5913
1 326.7 464.2 330.6 464.4 331.5 452.0 327.5 451.7 0.5457
1 321.2 525.9 325.3 526.5 326.5 517.2 322.5 516.6 0.5157
1 251.4 299.4 256.7 304.2 269.9 289.5 264.6 284.7 0.4880
1 346.8 659.9 349.6 661.2 354.3 651.4 351.5 650.1 0.4865
1 373.8 417.7 377.6 418.0 378.6 405.5 374.9 405.2 0.4159
1 632.2 622.4 634.3 626.7 644.6 621.6 642.4 617.3 0.3913
1 255.8 248.9 262.2 248.9 262.4 225.4 255.9 225.3 0.3408
1 267.4 485.3 270.3 485.3 270.4 476.4 267.4 476.4 0.3154
1 256.0 217.1 258.7 217.2 258.8 206.5 256.0 206.5 0.3062
1 80.8 547.8 85.7 552.1 97.1 539.0 92.2 534.7 0.2419
1 699.9 205.6 701.3 209.0 708.3 206.0 706.8 202.6 0.2370
1 253.0 292.4 256.0 295.0 264.9 285.1 261.9 282.4 0.2180
1 261.2 603.0 264.5 603.6 266.5 592.1 263.2 591.5 0.1562
1 408.7 480.8 411.4 480.6 411.1 473.7 408.4 473.9 0.1251
1 591.4 473.3 594.9 474.4 597.2 467.0 593.7 465.9 0.1236
1 617.1 524.8 620.5 528.8 629.8 520.7 626.4 516.8 0.1230
1 705.4 164.7 708.2 167.7 719.8 156.3 716.9 153.4 0.1179
1 433.4 261.6 436.6 261.7 436.7 256.3 433.5 256.3 0.1151
1 564.9 668.7 569.7 669.8 572.8 656.6 568.0 655.5 0.1010
