1 513.7 633.9 517.9 635.8 527.6 614.3 523.3 612.4 0.7589
1 505.5 542.3 510.7 542.0 509.4 521.9 504.2 522.2 0.7459
1 456.2 585.2 458.9 589.2 475.6 577.9 472.9 573.9 0.7458
1 441.4 668.3 445.1 671.7 458.8 656.8 455.1 653.4 0.7305
1 349.2 544.0 352.2 547.4 367.6 533.9 364.5 530.4 0.7022
1 247.1 761.6 247.9 757.6 230.0 754.2 229.2 758.2 0.6923
1 490.3 719.4 491.8 723.0 505.5 717.3 504.0 713.6 0.6896
1 255.1 218.2 258.6 217.5 254.7 197.1 251.2 197.8 0.6787
1 264.5 120.0 268.4 120.8 272.2 102.8 268.3 102.0 0.6772
1 354.0 112.8 358.9 113.8 363.3 92.5 358.4 91.5 0.6750
1 561.2 258.9 565.6 258.2 562.5 236.7 558.1 237.4 0.6615
1 526.5 520.1 528.8 517.2 520.9 510.9 518.6 513.7 0.6560
1 314.8 653.9 321.0 658.1 331.7 642.5 325.5 638.2 0.6388
1 289.8 255.8 293.0 255.0 290.5 245.0 287.4 245.8 0.6201
1 386.3 480.8 389.7 484.3 403.9 470.5 400.5 467.0 0.6192
1 331.3 607.6 335.6 611.0 348.4 594.8 344.1 591.4 0.6189
1 261.4 705.1 263.9 707.9 278.3 695.3 275.8 692.5 0.5857
1 511.1 285.1 511.2 282.5 502.4 282.1 502.2 284.7 0.5330
1 507.6 742.5 510.6 745.9 518.6 738.8 515.6 735.5 0.4904
1 259.9 144.0 263.7 144.8 267.3 125.3 263.5 124.6 0.4839
1 486.7 269.0 486.8 266.3 478.7 266.1 478.7 268.9 0.4781
1 519.3 476.4 522.4 481.6 540.0 471.4 537.0 466.1 0.4778
1 260.2 241.9 265.1 240.9 260.4 218.0 255.4 219.0 0.4629
1 319.0 478.7 320.0 480.8 328.1 477.1 327.1 474.9 0.4590
1 428.4 238.1 429.3 240.2 437.0 236.7 436.0 234.6 0.4351
1 442.3 400.3 445.1 399.4 439.7 383.7 436.9 384.6 0.4252
1 604.7 513.0 606.6 517.4 617.2 512.7 615.3 508.4 0.3939
1 497.2 170.2 499.2 171.2 502.3 164.9 500.4 163.9 0.3684
1 306.8 520.0 308.2 521.9 316.2 516.0 314.7 514.0 0.3585
1 422.8 91.7 425.4 91.6 425.0 84.1 422.4 84.3 0.3561
1 350.1 453.1 351.2 455.3 359.0 451.3 357.9 449.1 0.3295
1 421.1 19.1 422.7 20.3 426.4 15.1 424.9 14.0 0.3202
1 474.0 14.8 477.0 15.0 477.6 6.5 474.6 6.3 0.3026
1 462.1 99.3 464.2 98.7 462.1 91.6 460.0 92.2 0.2954
1 282.4 21.4 285.9 20.9 283.4 2.5 279.9 3.0 0.2878
1 454.1 113.4 456.4 112.9 455.0 106.0 452.7 106.4 0.2848
1 215.7 130.2 218.7 130.8 221.3 118.0 218.3 117.4 0.2843
1 436.9 281.2 437.3 283.7 444.5 282.5 444.1 280.0 0.2756
1 534.5 97.6 536.6 96.0 532.1 90.2 530.0 91.8 0.2683
1 244.0 240.5 244.7 245.8 264.8 242.9 264.0 237.5 0.2641
1 614.3 477.4 617.0 479.7 622.3 473.2 619.6 471.0 0.2566
1 556.9 251.2 560.0 251.2 560.0 237.9 556.9 237.9 0.2314
1 411.3 172.9 413.3 174.0 417.6 167.0 415.6 165.8 0.2279
1 455.2 214.5 456.7 216.5 463.5 211.3 461.9 209.3 0.2232
1 450.7 756.1 453.1 755.1 448.9 745.9 446.6 746.9 0.2226
1 410.4 195.4 411.7 197.1 418.3 191.6 416.9 190.0 0.2179
1 450.8 74.6 453.6 74.8 454.0 67.1 451.2 66.9 0.2170
1 441.5 207.5 443.2 209.6 449.4 204.6 447.7 202.5 0.2110
1 481.3 291.1 481.7 288.5 475.1 287.3 474.6 290.0 0.1987
1 488.0 98.7 490.1 97.3 486.4 91.9 484.3 93.3 0.1899
1 669.6 314.7 670.4 316.8 679.8 313.2 679.0 311.1 0.1897
1 453.3 181.4 454.7 183.4 460.9 179.0 459.5 177.1 0.1891
1 481.2 54.4 483.5 54.4 483.6 48.4 481.4 48.4 0.1790
1 442.8 249.8 442.9 247.0 436.0 246.8 435.9 249.7 0.1727
1 463.6 191.5 465.1 193.3 471.2 188.2 469.7 186.4 0.1678
1 446.6 256.2 446.9 258.8 454.0 258.0 453.7 255.3 0.1655
1 644.0 193.6 644.8 191.3 638.3 189.0 637.5 191.3 0.1600
1 404.0 773.6 406.1 772.6 402.3 764.7 400.3 765.6 0.1543
1 522.6 138.5 525.8 137.8 523.9 129.6 520.8 130.3 0.1533
1 214.6 293.5 215.7 296.2 229.6 290.7 228.6 288.0 0.1523
1 423.7 202.2 425.2 204.0 430.7 199.1 429.1 197.4 0.1514
1 420.9 258.3 421.3 260.7 428.4 259.5 428.0 257.1 0.1471
1 534.6 540.3 536.5 541.6 541.8 534.3 539.8 532.9 0.1425
1 221.4 543.3 222.3 545.4 229.3 542.6 228.4 540.5 0.1398
1 350.2 539.2 352.3 541.5 362.0 532.7 359.9 530.5 0.1343
1 81.6 548.2 85.8 551.7 96.9 538.5 92.8 535.0 0.1334
1 471.3 139.6 473.6 140.2 475.3 133.6 473.0 133.0 0.1326
1 203.7 266.2 205.1 268.9 221.3 260.1 219.8 257.4 0.1306
1 457.3 292.8 457.4 294.8 462.0 294.4 461.8 292.4 0.1257
1 605.4 462.6 607.7 464.9 615.2 457.6 612.8 455.3 0.1243
1 242.9 229.4 245.7 228.8 243.7 218.9 240.9 219.5 0.1239
1 457.8 238.6 458.1 235.9 450.8 235.2 450.5 237.8 0.1221
1 436.0 145.0 437.7 145.9 440.7 140.6 439.0 139.6 0.1209
1 399.2 237.1 400.8 239.2 407.0 234.6 405.4 232.5 0.1209
1 564.0 293.7 564.7 296.5 573.0 294.3 572.2 291.6 0.1198
1 316.4 657.7 320.1 657.7 320.1 648.3 316.4 648.3 0.1195
1 470.3 252.8 470.3 250.7 463.9 250.6 463.8 252.6 0.1153
1 507.6 209.2 508.1 206.9 500.6 205.1 500.0 207.4 0.1150
1 430.5 179.8 431.9 181.3 437.2 176.1 435.7 174.7 0.1125
1 475.8 173.4 477.2 175.0 483.3 169.9 482.0 168.2 0.1076
1 271.7 87.3 273.6 87.8 275.8 79.2 273.9 78.8 0.1017
1 452.3 43.8 454.5 44.3 456.3 36.5 454.0 36.0 0.1000
