1 259.5 145.0 263.4 145.7 267.0 126.7 263.1 126.0 0.7335
1 264.3 122.6 268.0 123.3 271.7 104.6 268.0 103.9 0.7232
1 451.2 558.6 456.4 561.3 465.3 543.8 460.1 541.2 0.7195
1 254.1 169.7 258.2 170.7 262.7 151.4 258.5 150.4 0.7178
1 255.3 218.4 260.3 217.4 255.7 194.6 250.8 195.6 0.6755
1 529.1 449.8 533.3 452.7 544.0 437.2 539.7 434.3 0.6616
1 543.2 227.2 546.7 229.8 559.6 213.0 556.1 210.4 0.6002
1 483.2 500.1 486.9 502.2 496.4 485.5 492.8 483.4 0.5722
1 554.2 646.7 560.5 646.6 560.5 639.9 554.2 639.9 0.4228
1 236.8 311.5 241.1 314.9 267.5 281.5 263.3 278.1 0.3793
1 295.6 695.5 298.7 697.6 304.3 689.4 301.2 687.3 0.3493
1 65.6 486.4 74.7 474.2 59.6 463.1 50.5 475.4 0.3214
1 -13.5 488.7 0.5 500.4 20.2 477.0 6.2 465.3 0.2683
1 245.1 247.3 248.1 246.7 246.0 236.4 243.1 237.0 0.2644
1 279.8 203.0 281.0 200.6 270.2 194.8 268.9 197.3 0.2553
1 465.2 792.5 465.4 788.3 459.7 788.1 459.5 792.2 0.1568
1 81.9 547.5 85.6 551.0 97.0 539.1 93.3 535.6 0.1268
1 242.2 231.8 245.4 231.3 243.3 217.6 240.1 218.1 0.1161
1 241.7 312.9 245.0 315.5 265.0 290.0 261.7 287.4 0.1077
