1 263.4 137.3 267.8 138.3 272.5 118.8 268.2 117.7 0.7170
1 512.8 469.2 518.4 473.3 530.5 456.7 524.9 452.6 0.6857
1 543.4 243.3 547.3 247.0 561.2 232.4 557.3 228.7 0.6630
1 261.7 235.8 267.1 235.0 262.5 206.3 257.0 207.2 0.6593
1 401.0 482.2 405.4 483.5 411.0 465.0 406.6 463.7 0.6384
1 270.2 113.3 273.5 114.0 277.6 96.0 274.2 95.2 0.6213
1 326.1 590.1 330.2 592.1 337.4 577.0 333.2 575.0 0.6046
1 296.1 520.4 299.6 522.1 306.6 507.7 303.1 506.0 0.6017
1 251.2 164.7 257.0 166.1 265.0 132.1 259.2 130.7 0.5963
1 256.1 206.7 261.3 205.9 257.2 180.5 252.0 181.3 0.5450
1 610.2 486.9 612.9 487.9 615.9 479.5 613.2 478.5 0.5027
1 289.9 563.9 292.0 565.1 297.5 555.8 295.4 554.6 0.4256
1 359.5 523.5 363.9 524.4 367.0 510.2 362.6 509.2 0.4212
1 317.3 428.7 320.4 429.9 323.8 421.4 320.6 420.1 0.3433
1 618.0 419.4 620.5 420.5 624.0 412.4 621.5 411.3 0.3313
1 588.5 446.9 591.6 448.1 595.6 438.4 592.6 437.1 0.3292
1 239.9 206.3 244.7 206.0 244.2 194.6 239.3 194.9 0.2879
1 332.0 477.1 334.7 478.0 336.8 471.9 334.1 471.0 0.2746
1 325.5 475.1 327.9 476.3 331.4 469.5 329.0 468.3 0.2489
1 304.2 355.0 304.2 345.7 291.1 345.6 291.0 354.9 0.2317
1 456.5 301.7 459.3 303.4 463.8 295.9 460.9 294.2 0.1663
1 363.5 514.6 367.7 515.1 368.5 508.2 364.4 507.7 0.1482
1 601.1 405.0 602.2 406.5 606.8 402.8 605.7 401.4 0.1357
1 72.2 533.0 77.4 537.8 89.2 524.9 83.9 520.1 0.1263
1 264.3 35.6 267.1 36.3 270.0 24.5 267.2 23.8 0.1127
1 216.2 335.6 216.2 328.9 195.2 328.8 195.2 335.6 0.1071
1 441.7 623.7 444.1 623.4 443.0 615.0 440.6 615.3 0.1014
