1 457.5 618.3 462.0 621.2 472.7 604.7 468.2 601.7 0.7851
1 297.7 622.4 302.1 624.7 310.7 608.0 306.3 605.7 0.7792
1 333.0 683.5 337.2 685.3 345.7 665.5 341.5 663.7 0.6074
1 384.4 668.2 389.1 669.8 396.0 649.6 391.3 648.0 0.5621
1 232.2 718.3 236.3 720.3 242.5 707.2 238.5 705.2 0.5072
1 571.5 606.2 575.5 607.1 578.3 595.6 574.4 594.6 0.4475
1 472.8 568.6 477.7 571.3 486.8 554.9 481.9 552.2 0.3304
1 605.9 591.6 609.6 591.7 609.7 582.0 606.1 581.9 0.2950
1 312.1 529.0 314.6 530.9 322.7 520.4 320.2 518.5 0.2336
1 246.0 133.4 250.2 134.3 253.4 118.0 249.2 117.2 0.1760
1 652.6 720.7 654.4 721.9 659.3 714.4 657.5 713.2 0.1297
1 383.5 502.1 387.8 504.9 396.7 491.6 392.4 488.7 0.1165
1 497.5 511.3 502.7 514.8 514.0 497.9 508.8 494.4 0.1009
