1 146.7 565.6 191.6 558.4 190.3 550.5 145.5 557.7 0.8234
1 146.8 357.6 147.6 333.7 142.4 333.5 141.6 357.4 0.7161
1 93.7 610.5 130.1 600.7 128.3 593.9 91.9 603.7 0.7055
1 139.5 419.1 142.2 391.0 136.2 390.4 133.5 418.5 0.6870
1 70.1 704.4 75.7 703.9 73.8 683.7 68.2 684.2 0.6038
1 172.6 850.8 182.8 846.6 181.1 842.7 170.9 846.9 0.4653
1 157.1 242.8 159.9 236.8 157.2 235.5 154.3 241.5 0.4582
1 585.1 475.1 601.1 456.8 596.5 452.8 580.5 471.1 0.3882
1 522.7 551.2 542.0 527.0 536.6 522.8 517.3 546.9 0.2187
1 405.2 920.7 410.2 913.6 408.0 912.0 403.0 919.2 0.1860
1 129.2 597.3 129.2 594.6 113.9 594.6 113.9 597.3 0.1704
1 468.5 680.7 476.7 671.4 464.8 660.8 456.6 670.1 0.1583
1 434.3 950.1 435.2 943.5 432.8 943.2 431.9 949.8 0.1429
1 132.4 302.6 138.2 297.0 136.2 294.9 130.4 300.5 0.1218
1 258.1 341.4 263.5 334.5 261.2 332.7 255.8 339.6 0.1217
1 742.8 85.7 757.3 67.8 752.9 64.2 738.4 82.2 0.1202
