1 256.0 208.3 260.8 207.5 257.6 187.8 252.8 188.6 0.7716
1 262.2 140.3 266.6 141.3 271.3 122.0 267.0 120.9 0.7360
1 687.1 238.5 689.3 242.6 705.1 234.1 702.9 230.0 0.6984
1 535.5 440.7 543.0 442.2 546.7 422.4 539.2 421.0 0.6947
1 506.8 505.8 511.4 508.2 520.3 490.9 515.7 488.5 0.6915
1 333.8 569.4 338.0 569.9 340.3 552.1 336.1 551.6 0.6842
1 256.9 162.2 261.2 163.1 265.6 143.3 261.3 142.3 0.6662
1 358.0 108.8 363.2 110.2 368.7 89.1 363.4 87.8 0.6640
1 268.7 115.2 272.5 116.2 277.0 98.2 273.2 97.3 0.6610
1 450.9 552.7 454.9 555.2 464.0 540.6 459.9 538.1 0.6114
1 394.6 454.4 399.2 454.8 400.8 438.4 396.2 438.0 0.6005
1 520.1 277.4 524.0 275.7 519.7 266.2 515.9 268.0 0.5962
1 254.9 236.4 260.4 235.5 254.6 200.3 249.1 201.2 0.5674
1 366.2 76.1 371.7 77.4 377.0 54.4 371.4 53.1 0.4943
1 259.0 228.9 263.1 228.3 261.1 213.2 256.9 213.8 0.4819
1 550.9 397.6 555.3 398.7 559.3 383.2 554.9 382.0 0.4023
1 304.8 505.4 307.2 505.8 309.0 494.9 306.6 494.5 0.3749
1 261.0 47.3 263.5 48.0 265.7 39.4 263.1 38.7 0.3656
1 263.8 36.3 266.4 37.0 269.5 25.2 266.8 24.5 0.3438
1 702.9 168.4 704.9 171.1 717.5 161.6 715.5 159.0 0.3266
1 320.1 620.9 322.2 622.0 325.6 615.7 323.4 614.5 0.2127
1 241.6 171.0 248.8 170.0 243.9 135.5 236.7 136.6 0.1834
1 245.5 101.4 246.0 98.8 236.8 96.9 236.2 99.6 0.1475
1 689.0 248.8 690.2 252.0 698.5 249.1 697.4 245.8 0.1461
1 248.8 236.8 254.5 235.9 247.6 192.6 242.0 193.5 0.1407
1 214.0 285.3 215.4 288.3 228.4 282.4 227.1 279.4 0.1365
1 234.5 131.8 235.3 128.4 221.0 125.2 220.3 128.6 0.1207
1 313.5 420.2 316.5 420.1 316.2 411.9 313.3 412.0 0.1023
