1 514.2 509.5 520.8 506.4 512.9 489.0 506.2 492.0 0.6376
1 473.9 559.7 479.0 553.2 462.3 540.2 457.3 546.6 0.6302
1 254.4 216.4 258.8 215.6 255.5 196.7 251.1 197.4 0.6052
1 215.1 132.0 218.3 132.6 221.1 118.1 217.9 117.5 0.5880
1 264.3 121.8 267.9 122.6 272.5 103.3 268.9 102.4 0.5599
1 526.8 445.6 527.8 441.1 508.9 436.9 507.9 441.5 0.5021
1 260.5 143.4 263.9 144.1 267.5 126.3 264.0 125.6 0.4485
1 302.9 647.6 305.8 649.8 314.8 637.2 311.9 635.1 0.2851
1 274.0 16.4 278.1 17.3 280.5 5.8 276.4 4.9 0.1207
1 309.9 525.8 310.0 531.2 320.1 531.1 320.0 525.6 0.1180
1 241.5 110.4 242.1 107.5 231.3 105.1 230.6 108.1 0.1079
