1 498.4 509.6 502.3 512.2 514.1 494.9 510.3 492.2 0.7953
1 559.9 511.6 564.6 512.7 569.5 492.2 564.8 491.1 0.7771
1 543.0 461.0 547.6 462.7 554.5 443.5 550.0 441.8 0.7761
1 250.6 523.5 253.2 524.1 255.5 513.5 252.8 513.0 0.6061
1 359.1 108.7 364.9 110.1 370.1 88.3 364.3 86.9 0.5938
1 307.9 502.5 311.5 503.2 314.1 490.4 310.6 489.7 0.5915
1 359.2 559.9 363.2 561.7 370.2 546.1 366.3 544.4 0.5600
1 319.1 624.7 322.0 625.6 327.2 608.9 324.3 608.0 0.5393
1 330.0 518.6 332.8 519.2 335.6 507.4 332.9 506.7 0.5108
1 284.2 576.6 287.3 577.8 291.5 567.2 288.4 566.0 0.3979
1 407.2 361.7 409.1 362.2 411.5 353.2 409.7 352.7 0.3725
1 713.1 165.5 714.8 167.9 726.5 159.4 724.8 157.0 0.3513
1 673.2 638.6 675.4 640.2 680.8 632.8 678.7 631.2 0.3259
1 339.0 469.5 342.3 470.3 344.8 460.3 341.5 459.5 0.3178
1 503.9 307.8 506.8 308.8 509.7 300.7 506.8 299.6 0.2596
1 337.7 413.2 340.6 413.6 341.9 404.3 339.0 403.9 0.2467
1 500.8 631.4 503.0 632.3 505.6 625.8 503.4 624.9 0.2434
1 269.2 114.5 273.2 115.5 277.5 98.2 273.5 97.2 0.2366
1 598.1 646.1 600.7 649.0 608.6 641.9 605.9 639.0 0.2252
1 590.6 250.5 591.5 254.1 599.6 252.0 598.6 248.4 0.2146
1 72.3 534.0 76.3 537.8 88.2 525.0 84.2 521.3 0.2125
1 304.4 355.1 304.5 346.7 291.6 346.4 291.4 354.8 0.2111
1 390.8 321.5 392.9 322.0 394.9 312.8 392.7 312.4 0.2107
1 -8.7 467.8 5.1 475.2 13.9 458.8 0.2 451.4 0.1470
1 303.1 445.0 305.6 445.9 307.7 440.1 305.2 439.2 0.1031
