1 488.3 498.8 492.6 503.2 508.0 488.0 503.7 483.6 0.7611
1 469.9 556.8 474.3 560.9 488.2 546.1 483.9 541.9 0.7180
1 282.4 681.0 286.8 683.2 294.9 666.5 290.5 664.3 0.6933
1 66.3 486.5 75.0 474.0 60.9 464.2 52.2 476.7 0.5764
1 241.2 750.2 244.8 751.6 251.0 735.0 247.4 733.7 0.4758
1 179.8 791.5 184.9 794.0 191.4 780.8 186.3 778.3 0.4529
1 523.2 737.6 526.3 740.1 533.6 731.2 530.5 728.7 0.4498
1 565.5 383.2 569.3 386.0 579.6 372.0 575.8 369.3 0.4029
1 -6.7 483.2 10.1 492.6 20.2 474.7 3.3 465.2 0.3600
1 251.6 170.0 256.7 171.3 262.3 150.0 257.2 148.6 0.3048
1 360.2 79.1 366.1 80.5 371.2 58.8 365.3 57.4 0.2666
1 559.4 508.3 563.0 511.6 575.2 498.0 571.6 494.7 0.2590
1 526.4 452.7 531.6 456.6 544.3 439.9 539.1 436.0 0.2243
1 559.5 229.8 562.2 228.4 559.0 222.1 556.3 223.5 0.1885
1 244.6 245.3 248.7 244.3 246.4 235.7 242.4 236.8 0.1164
1 611.6 642.7 614.2 645.3 621.6 637.6 619.0 635.1 0.1154
1 352.7 114.4 359.2 115.8 364.0 93.1 357.6 91.7 0.1026
