1 257.2 208.5 261.9 207.7 258.5 187.7 253.8 188.5 0.8014
1 480.6 505.7 485.1 506.8 489.8 487.5 485.2 486.4 0.7710
1 269.2 114.6 272.7 115.6 277.5 98.1 274.0 97.1 0.7691
1 338.9 571.8 343.2 572.4 346.3 552.1 342.0 551.5 0.7668
1 523.1 445.1 527.6 445.9 530.9 426.5 526.4 425.8 0.7502
1 470.0 552.2 474.2 554.2 482.3 536.5 478.1 534.6 0.7473
1 261.5 235.0 266.4 234.2 263.2 214.4 258.3 215.2 0.7411
1 368.9 506.4 374.1 507.9 380.0 487.9 374.8 486.4 0.7327
1 245.3 239.3 249.6 238.9 248.5 225.3 244.2 225.6 0.5785
1 562.3 236.9 565.5 240.5 581.1 226.8 578.0 223.2 0.5625
1 234.4 299.2 239.6 303.9 268.9 271.2 263.7 266.5 0.5579
1 235.1 298.3 238.9 301.4 248.9 289.0 245.2 285.9 0.5128
1 254.0 618.0 256.2 616.7 249.7 606.3 247.5 607.6 0.5010
1 237.8 305.9 241.0 308.5 252.7 294.2 249.5 291.6 0.4461
1 242.0 65.0 245.1 65.7 247.1 55.9 243.9 55.3 0.3644
1 460.6 402.3 463.2 402.8 464.8 394.2 462.3 393.8 0.3384
1 652.5 178.2 653.9 180.8 662.7 176.0 661.3 173.5 0.3326
1 215.4 284.7 216.8 287.8 231.3 281.0 229.9 278.0 0.3178
1 245.0 224.5 247.9 224.2 246.5 211.4 243.5 211.7 0.3087
1 235.0 93.4 237.7 94.1 240.5 82.7 237.7 82.0 0.2077
1 210.7 281.6 212.1 284.7 227.6 277.9 226.3 274.8 0.1964
1 124.7 362.8 130.0 364.5 141.5 328.8 136.3 327.1 0.1867
1 335.0 447.3 336.6 449.8 345.3 444.4 343.7 441.8 0.1539
1 576.1 617.7 578.1 617.4 577.1 610.2 575.1 610.5 0.1395
1 594.9 266.9 596.2 269.1 601.1 266.0 599.8 263.9 0.1074
