1 399.1 454.5 403.2 458.0 416.7 442.4 412.6 438.9 0.7263
1 269.0 114.5 273.0 115.4 277.4 95.7 273.5 94.8 0.7140
1 463.3 544.2 468.7 545.0 471.7 524.7 466.3 523.9 0.7136
1 263.8 136.0 267.9 137.0 272.1 118.8 267.9 117.8 0.6743
1 256.9 209.5 261.9 208.7 258.3 186.7 253.3 187.6 0.6238
1 260.3 232.0 264.7 231.3 262.2 214.8 257.9 215.5 0.5258
1 532.5 434.1 538.5 437.3 548.8 417.7 542.8 414.6 0.5008
1 499.0 501.6 503.9 503.4 510.7 485.2 505.8 483.4 0.4705
1 254.9 235.2 260.7 234.3 256.2 206.7 250.3 207.7 0.3398
1 359.1 621.2 363.1 623.3 369.0 612.2 365.0 610.1 0.1771
1 247.0 240.1 250.5 239.5 247.8 223.1 244.3 223.6 0.1533
1 253.0 163.3 258.1 164.2 262.1 142.4 257.1 141.4 0.1524
1 264.1 115.8 268.1 116.7 272.4 98.0 268.3 97.1 0.1496
1 588.6 239.1 589.6 241.7 596.3 239.1 595.3 236.4 0.1447
1 259.6 134.0 263.6 134.9 267.7 117.1 263.7 116.2 0.1439
1 686.5 313.9 688.6 317.3 698.5 311.2 696.4 307.8 0.1288
