1 342.7 553.2 346.5 555.7 357.4 539.5 353.6 537.0 0.8104
1 257.3 163.8 261.7 164.9 266.7 144.0 262.3 143.0 0.7985
1 674.1 250.5 676.7 255.4 702.9 241.2 700.2 236.3 0.7872
1 236.3 131.6 237.2 128.0 222.3 124.3 221.4 128.0 0.7542
1 531.9 232.0 535.2 235.4 548.8 222.0 545.5 218.7 0.7477
1 525.1 536.0 529.5 534.9 524.9 516.5 520.5 517.6 0.7440
1 505.4 626.5 509.2 628.4 518.0 611.1 514.2 609.1 0.7313
1 269.6 557.1 272.9 559.4 281.0 547.9 277.7 545.6 0.6909
1 436.1 620.5 441.8 622.3 447.6 603.9 441.9 602.1 0.6883
1 325.5 474.9 328.9 476.4 334.0 465.0 330.6 463.5 0.5912
1 620.7 625.7 622.5 629.2 631.6 624.5 629.8 621.0 0.5818
1 251.7 164.3 256.4 165.5 261.8 144.0 257.1 142.8 0.4909
1 506.0 386.0 509.3 387.8 517.0 373.4 513.7 371.7 0.4830
1 250.4 153.6 254.8 153.0 252.4 135.0 248.0 135.6 0.4799
1 256.1 234.1 260.0 234.1 259.9 207.3 255.9 207.3 0.4281
1 258.2 213.9 262.9 213.3 261.6 203.4 256.9 204.0 0.3958
1 259.4 54.6 262.8 55.4 266.1 42.0 262.6 41.2 0.3679
1 533.3 508.3 536.3 509.4 539.3 501.4 536.4 500.3 0.3589
1 605.0 537.8 609.1 540.7 615.3 531.9 611.3 529.1 0.3323
1 235.0 195.7 237.3 196.6 240.1 189.8 237.8 188.8 0.2845
1 241.4 166.9 250.5 165.8 246.0 130.2 236.9 131.4 0.2765
1 327.2 650.4 330.7 648.6 322.8 632.6 319.3 634.3 0.2053
1 560.2 622.3 563.4 623.1 565.6 613.9 562.4 613.2 0.1727
1 279.0 482.6 281.8 484.5 288.8 473.7 285.9 471.9 0.1719
1 277.7 78.9 280.2 79.7 283.9 67.7 281.3 66.9 0.1681
1 261.9 231.8 266.9 230.6 260.9 204.2 255.9 205.3 0.1630
1 71.9 532.7 75.9 536.8 88.6 524.2 84.6 520.1 0.1436
1 250.4 134.9 256.0 136.3 258.1 128.0 252.5 126.6 0.1376
1 613.5 438.7 613.8 435.5 609.7 435.1 609.3 438.3 0.1301
1 231.8 313.6 235.1 316.4 250.0 299.3 246.8 296.4 0.1186
1 598.1 641.5 600.1 642.7 604.4 635.2 602.3 634.1 0.1170
1 634.3 14.5 634.4 19.0 643.9 18.7 643.8 14.3 0.1140
1 255.6 165.9 258.2 166.0 258.8 151.1 256.2 151.0 0.1014
1 703.8 192.6 704.8 195.2 711.2 192.6 710.1 190.0 0.1002
