1 209.3 681.9 210.5 678.3 196.8 673.7 195.6 677.3 0.7392
1 269.2 113.1 273.1 114.0 277.6 96.0 273.8 95.1 0.6715
1 260.8 231.4 264.9 230.8 261.7 212.1 257.7 212.7 0.6698
1 458.7 550.2 464.4 552.2 471.4 531.9 465.6 529.9 0.6367
1 559.2 247.7 562.6 242.6 547.2 232.3 543.8 237.4 0.6349
1 301.9 500.3 304.1 498.8 296.9 488.7 294.8 490.3 0.6343
1 264.3 134.8 267.9 135.6 271.8 117.8 268.1 117.0 0.5873
1 243.0 627.8 243.3 631.2 254.0 630.1 253.7 626.7 0.5546
1 366.3 76.4 372.0 77.8 377.5 55.2 371.9 53.8 0.4870
1 256.7 207.5 260.9 206.7 257.6 187.2 253.4 187.9 0.4220
1 72.8 532.7 77.3 536.7 88.5 524.3 84.0 520.3 0.4208
1 357.3 429.6 357.5 426.4 349.0 425.9 348.8 429.2 0.4104
1 60.9 470.7 62.5 463.2 53.3 461.3 51.7 468.8 0.3742
1 249.9 292.7 252.7 295.1 264.1 281.9 261.3 279.5 0.3623
1 588.5 448.8 591.3 450.6 596.9 442.1 594.1 440.3 0.3492
1 328.7 466.9 330.5 464.5 323.5 458.9 321.7 461.2 0.3150
1 296.7 472.1 299.0 473.5 302.8 467.4 300.4 466.0 0.2350
1 440.7 96.6 442.4 98.2 447.3 93.3 445.7 91.7 0.2317
1 236.2 301.0 240.1 304.5 263.4 278.7 259.5 275.2 0.1802
1 237.2 298.0 239.9 300.4 252.1 286.8 249.3 284.3 0.1703
1 192.8 566.9 195.2 564.9 188.8 557.3 186.4 559.3 0.1495
1 425.2 262.6 427.8 262.3 426.7 254.9 424.2 255.3 0.1214
1 9.7 472.0 9.9 463.9 -0.2 463.7 -0.4 471.7 0.1130
1 248.5 230.5 260.7 228.5 244.6 131.3 232.4 133.3 0.1094
1 489.1 764.5 491.0 768.5 501.3 763.9 499.5 759.9 0.1039
1 540.9 644.6 542.3 649.7 552.3 646.8 550.9 641.7 0.1025
