1 358.5 560.0 363.0 561.7 368.9 546.3 364.4 544.6 0.5689
1 312.0 506.5 314.3 507.0 316.8 496.3 314.4 495.8 0.5364
1 508.0 513.7 513.5 516.5 522.6 498.5 517.1 495.7 0.4966
1 323.0 630.2 327.2 631.4 332.3 613.8 328.1 612.6 0.4142
1 66.0 484.7 73.1 471.6 59.3 464.1 52.2 477.3 0.3253
1 -5.7 481.8 4.0 491.4 17.6 477.7 7.9 468.1 0.3153
1 283.2 569.3 285.3 570.6 291.8 559.5 289.7 558.2 0.3136
1 176.8 740.1 180.1 739.0 176.9 729.1 173.6 730.2 0.2424
1 356.9 360.2 359.3 358.3 350.3 347.0 347.9 348.8 0.1757
1 268.3 792.8 272.8 791.7 268.6 773.6 264.1 774.6 0.1602
1 82.3 548.0 87.1 552.0 97.4 539.7 92.7 535.7 0.1371
1 565.6 222.6 571.7 225.2 580.0 205.7 573.9 203.1 0.1174
