1 467.9 554.1 472.0 556.2 481.1 538.2 477.0 536.1 0.7758
1 534.9 448.6 539.2 451.2 549.1 434.9 544.8 432.3 0.7669
1 502.4 518.2 506.8 520.7 516.1 504.2 511.7 501.7 0.7513
1 447.3 609.1 452.3 611.3 461.1 591.6 456.1 589.4 0.7233
1 563.5 401.0 567.2 401.8 570.7 386.2 567.0 385.3 0.6474
1 246.9 291.4 261.1 300.2 271.4 283.6 257.3 274.8 0.5580
1 324.5 751.1 327.8 752.9 334.2 740.8 330.9 739.0 0.5271
1 681.3 317.2 683.7 319.0 692.8 306.7 690.3 304.9 0.4338
1 256.1 247.8 262.1 247.8 262.2 212.9 256.2 212.9 0.4325
1 383.7 245.0 387.7 244.7 386.8 231.1 382.8 231.4 0.4226
1 289.0 587.7 292.5 588.9 297.2 576.1 293.7 574.8 0.3992
1 313.1 714.9 316.5 716.7 320.8 708.4 317.4 706.6 0.3989
1 514.3 468.9 517.6 470.6 521.7 462.8 518.5 461.0 0.3852
1 511.6 510.2 514.5 510.3 514.7 502.9 511.8 502.8 0.3645
1 574.9 41.5 577.9 43.4 585.4 31.8 582.5 29.9 0.3481
1 278.0 223.2 281.5 226.2 293.9 211.9 290.4 208.9 0.3312
1 251.6 247.6 261.5 245.9 255.9 213.1 246.0 214.8 0.3117
1 465.6 200.9 469.4 201.0 469.5 192.8 465.7 192.8 0.2976
1 80.8 549.5 86.4 554.0 98.0 539.3 92.4 534.9 0.2953
1 255.9 159.0 268.9 159.1 269.0 129.5 256.0 129.4 0.2879
1 544.9 613.4 547.7 616.5 555.5 609.4 552.7 606.3 0.2094
1 286.6 209.3 286.6 213.7 294.0 213.7 294.0 209.3 0.2059
1 34.8 467.5 58.4 487.2 131.3 399.8 107.7 380.1 0.1801
1 519.3 77.8 521.5 78.5 524.2 70.0 522.0 69.3 0.1609
1 365.2 395.6 368.7 396.8 372.9 385.1 369.4 383.9 0.1479
1 478.3 265.8 481.6 266.7 484.3 257.6 480.9 256.7 0.1284
