1 516.7 496.2 520.7 496.3 521.3 477.3 517.3 477.2 0.6794
1 254.6 215.6 259.1 214.6 255.3 195.5 250.7 196.4 0.6783
1 572.8 505.4 576.7 507.9 588.1 489.9 584.2 487.4 0.6697
1 293.2 678.7 296.4 682.6 313.0 669.2 309.9 665.3 0.6565
1 260.3 736.4 262.8 740.5 278.5 731.0 276.1 727.0 0.6463
1 554.4 228.3 559.0 230.9 570.1 212.1 565.5 209.4 0.6388
1 230.8 791.7 234.4 795.0 246.5 782.1 242.9 778.8 0.6297
1 565.7 398.0 569.2 399.5 576.9 380.9 573.5 379.5 0.6215
1 356.7 559.3 361.4 561.0 368.0 542.6 363.3 540.9 0.6016
1 481.5 549.5 485.7 551.2 492.7 534.1 488.6 532.4 0.5642
1 544.3 454.8 549.6 454.6 548.8 435.9 543.5 436.2 0.5501
1 190.6 744.5 192.3 748.8 208.5 742.4 206.8 738.1 0.5495
1 544.6 695.9 548.0 698.2 555.3 687.6 552.0 685.2 0.4627
1 617.0 474.8 619.4 476.0 623.3 468.3 620.9 467.1 0.4013
1 650.0 169.3 652.2 171.2 659.4 163.0 657.3 161.1 0.3727
1 378.4 517.5 381.3 519.2 388.7 506.2 385.7 504.6 0.3701
1 522.0 785.0 524.3 788.0 532.9 781.1 530.6 778.2 0.3621
1 600.2 455.5 602.5 457.5 608.7 450.2 606.4 448.3 0.3374
1 364.6 791.3 366.7 795.0 382.7 786.1 380.7 782.4 0.3091
1 520.1 277.7 522.5 278.8 527.1 268.5 524.7 267.5 0.3021
1 525.2 638.7 526.6 640.6 533.2 635.6 531.8 633.8 0.2873
1 480.1 267.4 482.5 268.6 486.1 261.0 483.7 259.9 0.2241
1 254.0 169.1 257.7 169.8 261.8 148.5 258.1 147.8 0.2088
1 571.0 625.9 573.1 627.2 578.5 618.7 576.3 617.3 0.1981
1 315.2 517.9 316.4 514.8 302.6 509.3 301.4 512.5 0.1927
1 264.4 121.3 268.3 122.1 271.8 105.8 267.9 105.0 0.1824
1 260.2 143.3 263.9 144.1 267.7 125.1 264.0 124.3 0.1683
1 403.0 447.3 406.5 448.2 410.3 432.3 406.8 431.5 0.1611
1 268.0 629.2 269.8 632.9 284.5 625.6 282.7 621.9 0.1584
1 614.8 397.0 616.3 398.2 621.0 392.3 619.5 391.1 0.1527
1 611.7 550.5 613.7 551.6 618.9 542.3 616.9 541.2 0.1485
1 536.7 129.9 539.3 131.7 542.8 126.7 540.1 124.9 0.1282
1 403.8 438.0 407.5 439.2 410.6 430.1 406.9 428.9 0.1276
