1 349.2 532.0 352.9 535.6 367.4 520.4 363.6 516.9 0.7982
1 360.0 82.3 365.1 83.4 370.1 60.7 364.9 59.6 0.7939
1 514.4 634.3 518.7 636.3 526.8 619.1 522.6 617.1 0.7935
1 273.2 709.4 277.1 711.5 285.9 694.8 281.9 692.8 0.7401
1 354.4 109.7 359.3 110.7 363.1 92.3 358.2 91.2 0.7365
1 300.0 525.7 302.5 528.2 312.5 518.5 310.0 515.9 0.7252
1 329.8 588.5 332.0 590.6 340.7 581.2 338.4 579.2 0.6791
1 708.2 521.1 711.8 522.2 714.6 512.6 711.1 511.5 0.6397
1 605.0 652.9 607.1 653.6 609.7 645.2 607.6 644.6 0.6221
1 258.6 646.4 260.3 648.4 268.3 641.6 266.7 639.7 0.6205
1 486.8 553.2 491.9 555.7 500.0 538.6 494.8 536.1 0.6108
1 267.8 617.7 270.0 619.5 277.5 610.5 275.4 608.7 0.5799
1 580.0 784.1 581.7 784.5 583.5 776.8 581.8 776.4 0.5482
1 418.6 792.7 422.5 791.8 420.7 784.4 416.8 785.3 0.5373
1 251.8 298.9 256.5 303.1 266.8 291.5 262.1 287.3 0.5309
1 605.4 747.2 607.9 746.6 605.4 735.7 602.9 736.2 0.5161
1 209.2 697.9 212.1 698.5 214.4 687.5 211.5 686.9 0.5052
1 594.6 558.8 596.7 559.7 600.0 552.2 597.9 551.3 0.4863
1 497.2 119.6 498.7 121.8 506.5 116.6 505.0 114.4 0.3974
1 504.8 307.4 507.0 309.1 512.4 302.0 510.2 300.3 0.3634
1 532.8 246.2 533.3 241.0 514.9 239.1 514.4 244.4 0.3564
1 523.5 624.7 526.5 624.7 526.5 617.8 523.6 617.8 0.2743
1 259.1 240.8 263.1 240.3 261.5 229.8 257.6 230.3 0.2629
1 532.7 115.6 534.3 117.0 538.9 111.8 537.3 110.4 0.2508
1 518.4 180.8 520.4 182.5 525.4 176.5 523.4 174.8 0.2460
1 207.3 693.3 209.6 693.8 210.9 686.8 208.7 686.4 0.2369
1 444.1 704.7 446.5 703.6 443.5 696.9 441.0 698.0 0.2254
1 694.3 197.8 696.0 199.8 700.2 196.3 698.5 194.3 0.2051
1 511.9 469.2 514.3 470.5 519.9 459.9 517.5 458.6 0.2027
1 237.1 319.4 240.3 321.7 249.4 309.4 246.2 307.1 0.1954
1 252.7 214.0 258.1 213.3 255.7 194.8 250.4 195.5 0.1815
1 485.9 292.4 487.8 293.8 492.6 287.5 490.8 286.1 0.1785
1 196.8 274.8 199.2 279.4 220.4 268.4 218.0 263.8 0.1757
1 255.9 214.6 258.8 214.6 258.9 199.8 256.0 199.7 0.1597
1 214.5 437.9 215.1 435.6 210.3 434.3 209.7 436.6 0.1563
1 593.4 765.1 595.4 765.7 597.5 758.5 595.6 757.9 0.1461
1 551.3 64.9 553.0 66.4 558.9 59.1 557.1 57.7 0.1459
1 613.6 452.2 616.7 453.1 618.8 445.8 615.8 444.9 0.1413
1 228.8 315.7 232.6 318.8 246.5 301.7 242.7 298.6 0.1413
1 485.6 64.4 486.8 66.1 493.3 61.6 492.2 59.9 0.1369
1 256.1 246.9 261.7 246.9 261.8 226.0 256.1 226.0 0.1359
1 406.0 130.8 407.1 133.3 413.7 130.3 412.6 127.8 0.1244
1 346.6 104.3 349.7 104.8 351.1 96.2 348.0 95.7 0.1232
1 387.9 137.5 389.0 139.7 395.9 136.2 394.8 134.0 0.1208
1 456.9 183.4 458.3 185.3 464.8 180.9 463.5 179.0 0.1120
1 733.2 443.9 735.4 445.9 738.5 442.4 736.3 440.4 0.1113
1 199.3 289.1 201.5 294.5 224.9 285.0 222.7 279.6 0.1103
1 256.0 238.8 259.2 238.7 259.0 213.8 255.8 213.8 0.1041
1 456.8 297.1 459.3 299.0 464.5 292.5 462.1 290.5 0.1022
1 467.2 179.1 468.4 181.0 474.6 177.1 473.4 175.2 0.1018
