1 184.2 784.0 189.4 784.8 192.4 765.4 187.2 764.6 0.7964
1 454.4 622.8 458.5 625.3 469.3 607.7 465.1 605.2 0.7957
1 535.5 457.5 540.1 455.3 531.8 437.4 527.2 439.6 0.7709
1 514.4 516.9 519.0 516.2 516.1 497.8 511.5 498.6 0.7627
1 255.1 216.4 259.0 215.6 254.9 195.9 251.1 196.7 0.7542
1 253.3 635.6 256.6 632.8 244.9 619.3 241.7 622.1 0.7424
1 470.5 565.9 474.4 569.3 487.7 554.3 483.8 550.9 0.7124
1 214.3 680.1 217.4 679.0 213.1 666.5 210.0 667.6 0.6648
1 357.7 571.9 359.2 567.6 341.3 561.3 339.8 565.6 0.6184
1 232.8 678.0 235.8 681.0 249.1 667.4 246.0 664.4 0.5976
1 252.9 57.4 256.7 58.1 259.4 43.8 255.5 43.1 0.5819
1 354.5 448.6 356.7 452.3 367.4 445.9 365.3 442.3 0.5809
1 251.7 298.9 256.1 302.5 264.4 292.3 260.0 288.8 0.5718
1 565.7 668.7 569.6 669.5 572.0 657.8 568.1 657.0 0.5482
1 588.4 442.0 591.4 444.1 598.1 434.7 595.1 432.6 0.5173
1 350.1 518.3 351.0 522.6 364.9 519.8 364.0 515.5 0.5128
1 592.6 515.1 597.7 515.1 597.6 505.3 592.6 505.4 0.4511
1 329.0 470.0 329.3 466.0 316.3 465.3 316.1 469.3 0.4386
1 632.6 623.0 634.6 626.7 644.3 621.7 642.3 618.0 0.3990
1 255.8 247.6 262.2 247.6 262.4 223.2 256.0 223.1 0.3795
1 564.7 267.5 566.6 269.7 571.6 265.3 569.7 263.1 0.3641
1 642.6 173.9 646.2 173.6 645.5 164.4 641.9 164.7 0.3575
1 307.1 363.3 308.3 354.6 294.4 352.7 293.2 361.4 0.3291
1 80.4 548.7 85.6 553.1 97.6 539.1 92.3 534.7 0.3236
1 528.8 711.8 532.1 711.3 530.8 701.5 527.4 701.9 0.3051
1 563.2 515.9 567.7 517.2 569.2 512.2 564.7 510.9 0.2955
1 514.2 516.8 518.9 516.7 518.8 511.8 514.2 511.8 0.2847
1 511.9 218.7 514.9 218.7 514.8 210.8 511.9 210.9 0.2747
1 599.7 515.3 599.8 511.7 594.5 511.6 594.5 515.2 0.2736
1 304.8 404.4 306.9 405.8 310.5 400.3 308.4 399.0 0.2652
1 511.3 118.3 512.1 121.5 517.0 120.2 516.2 117.0 0.2241
1 552.8 40.8 555.6 43.7 563.9 35.7 561.1 32.8 0.2205
1 625.9 12.0 626.1 16.3 635.8 15.8 635.5 11.5 0.2138
1 564.6 612.3 566.3 615.0 574.2 610.1 572.6 607.4 0.2125
1 283.4 514.4 285.1 512.1 279.0 507.5 277.3 509.8 0.2086
1 529.4 176.4 532.7 176.3 532.4 168.3 529.1 168.4 0.2071
1 228.0 440.8 230.3 440.2 229.0 436.0 226.8 436.7 0.1854
1 422.8 323.7 423.4 320.8 416.7 319.3 416.1 322.2 0.1726
1 297.7 583.9 298.5 581.0 290.5 579.0 289.8 581.9 0.1584
1 255.9 216.2 259.3 216.3 259.4 203.0 256.0 203.0 0.1492
1 353.1 114.6 358.9 115.7 363.5 92.2 357.7 91.1 0.1482
1 508.1 592.3 510.1 592.7 511.8 585.0 509.8 584.5 0.1426
1 339.3 566.5 341.4 566.5 341.4 562.0 339.3 562.0 0.1396
1 284.5 514.3 284.5 512.0 279.8 511.9 279.7 514.3 0.1301
1 617.8 525.5 620.7 528.7 629.1 521.1 626.2 517.9 0.1299
1 521.3 610.6 523.3 610.4 522.3 603.4 520.3 603.7 0.1114
1 231.6 324.2 235.3 327.4 250.9 309.7 247.3 306.5 0.1074
1 689.2 257.6 690.5 259.5 694.9 256.5 693.7 254.6 0.1029
