1 370.7 643.2 376.0 645.8 388.1 621.3 382.7 618.7 0.8125
1 466.9 624.2 471.8 627.6 488.6 602.9 483.7 599.6 0.7574
1 327.6 596.6 330.5 599.2 341.8 586.4 338.9 583.8 0.7554
1 267.0 724.4 270.3 727.3 282.3 714.0 279.0 711.1 0.7093
1 476.9 548.0 481.2 550.6 490.9 534.8 486.6 532.2 0.6077
1 292.5 559.0 295.4 561.0 305.1 547.7 302.2 545.6 0.5502
1 426.8 450.6 430.1 452.6 438.0 439.0 434.6 437.0 0.4873
1 514.1 498.2 518.5 501.1 529.8 484.2 525.4 481.3 0.3890
1 252.5 212.4 257.6 211.6 255.2 196.0 250.1 196.8 0.3204
1 135.5 792.0 139.4 795.7 150.8 784.0 146.9 780.3 0.2941
1 235.7 767.8 238.6 770.3 249.7 757.2 246.8 754.7 0.2588
1 258.8 147.3 262.6 148.1 266.3 130.0 262.4 129.2 0.2017
1 467.0 626.4 469.4 626.4 469.4 620.5 467.0 620.5 0.1591
1 563.1 497.5 568.3 500.3 576.6 484.6 571.3 481.8 0.1506
1 255.9 244.5 259.8 244.6 259.8 226.6 255.9 226.6 0.1483
1 590.6 535.7 594.7 539.7 600.3 533.9 596.3 529.9 0.1009
