1 463.3 577.5 467.9 578.2 471.1 556.5 466.5 555.8 0.7688
1 535.4 466.5 540.1 468.0 547.1 447.4 542.4 445.8 0.7364
1 509.8 526.8 514.0 527.7 518.4 508.5 514.2 507.6 0.6915
1 346.5 693.6 350.3 695.7 357.6 681.9 353.8 679.9 0.6633
1 537.6 583.5 542.3 585.4 549.4 567.8 544.7 565.9 0.6301
1 530.8 242.5 534.6 244.1 542.0 226.3 538.2 224.7 0.6201
1 282.1 697.0 285.8 698.0 290.2 680.7 286.4 679.8 0.6089
1 199.9 721.4 205.4 722.0 207.4 705.0 201.9 704.4 0.6038
1 312.5 522.0 315.6 523.1 319.7 511.3 316.6 510.2 0.4896
1 470.7 560.5 470.9 556.4 466.0 556.2 465.8 560.3 0.4279
1 435.5 617.4 438.5 617.0 437.5 608.5 434.5 608.9 0.3760
1 304.6 475.7 306.9 476.5 309.6 468.2 307.3 467.5 0.3350
1 391.4 476.7 394.7 478.3 402.2 462.3 399.0 460.8 0.3243
1 353.6 114.3 357.9 115.3 362.4 95.4 358.0 94.4 0.3112
1 71.2 485.4 72.7 468.9 53.7 467.1 52.2 483.6 0.2931
1 136.0 788.3 138.7 789.6 142.2 782.4 139.6 781.1 0.2681
1 275.7 573.6 278.4 575.2 282.8 567.7 280.0 566.1 0.2438
1 254.4 215.6 258.5 214.9 255.1 196.1 251.0 196.9 0.2426
1 265.0 387.7 265.7 384.7 253.1 381.4 252.3 384.4 0.2281
1 487.2 512.3 488.8 513.7 493.9 507.7 492.2 506.3 0.2146
1 82.5 547.4 86.9 551.4 97.2 539.8 92.7 535.8 0.2008
1 586.4 785.0 589.0 785.6 590.9 777.3 588.4 776.7 0.1813
1 422.2 791.8 422.3 787.4 417.6 787.4 417.5 791.8 0.1763
1 229.2 760.6 233.3 762.0 239.8 743.2 235.7 741.9 0.1304
