1 432.0 644.7 435.5 648.4 449.8 635.0 446.4 631.4 0.8055
1 331.0 589.0 335.0 591.3 344.9 573.9 340.9 571.6 0.7766
1 452.8 575.3 456.7 579.0 470.2 564.8 466.3 561.0 0.7763
1 277.7 590.0 280.8 592.4 287.3 583.8 284.2 581.4 0.5692
1 374.8 532.7 379.0 535.0 386.8 520.7 382.6 518.4 0.5544
1 254.3 245.8 261.3 244.6 252.5 192.4 245.5 193.5 0.5130
1 231.3 140.5 232.2 137.1 217.7 133.6 216.9 137.0 0.4596
1 549.6 419.9 552.9 423.2 565.0 411.2 561.7 407.9 0.4565
1 256.0 248.9 262.5 248.9 262.6 215.6 256.1 215.5 0.4438
1 265.4 619.1 268.2 621.0 274.9 610.9 272.1 609.1 0.4399
1 569.2 246.3 570.8 248.9 576.4 245.5 574.8 242.9 0.4365
1 611.4 306.2 612.1 309.0 618.4 307.3 617.7 304.6 0.4071
1 261.5 650.9 264.1 652.2 268.9 642.7 266.3 641.4 0.4060
1 360.6 792.5 360.8 788.1 355.9 787.9 355.7 792.3 0.3706
1 254.2 171.0 258.7 171.7 261.6 154.3 257.1 153.6 0.3373
1 587.1 557.5 588.5 559.4 595.4 554.3 594.0 552.4 0.2645
1 80.7 547.7 86.3 552.5 98.5 538.4 92.8 533.5 0.2641
1 704.2 518.1 707.5 520.8 714.0 512.9 710.6 510.2 0.2566
1 226.0 611.3 229.8 613.4 238.4 597.9 234.6 595.7 0.2221
1 396.0 462.0 399.7 464.7 408.5 453.0 404.8 450.3 0.2204
1 419.5 793.4 423.9 791.6 420.7 783.6 416.2 785.4 0.1824
1 463.7 213.0 465.5 215.0 471.3 209.5 469.5 207.6 0.1762
1 541.0 708.6 545.5 710.0 548.5 700.2 544.0 698.8 0.1535
1 569.0 629.5 572.2 630.9 575.8 622.6 572.7 621.2 0.1532
1 388.4 141.6 390.2 143.2 395.1 137.8 393.3 136.1 0.1531
1 297.5 747.0 300.6 748.1 302.9 741.7 299.8 740.6 0.1497
1 397.9 188.8 399.8 190.3 404.7 184.1 402.9 182.6 0.1410
1 518.8 177.9 520.2 180.4 527.0 176.4 525.5 173.9 0.1404
1 221.7 101.8 225.0 102.5 227.4 92.1 224.2 91.3 0.1372
1 259.9 284.4 262.9 286.3 267.3 279.4 264.2 277.5 0.1281
1 396.8 231.0 399.1 232.3 402.3 226.5 400.1 225.2 0.1204
1 212.3 792.4 216.5 792.2 216.2 786.8 212.0 787.1 0.1191
1 196.9 274.8 199.7 279.5 222.7 266.2 220.0 261.5 0.1091
1 250.6 288.0 257.0 294.4 269.5 282.1 263.1 275.6 0.1050
1 381.9 259.5 385.4 260.2 389.1 241.4 385.5 240.7 0.1044
1 217.8 336.9 224.5 342.4 253.4 307.2 246.7 301.7 0.1031
1 654.5 -0.1 654.6 3.6 661.5 3.4 661.4 -0.3 0.1009
