1 436.3 571.0 438.9 575.3 456.4 564.3 453.8 560.1 0.7536
1 257.1 210.7 261.9 210.0 258.5 186.5 253.7 187.2 0.6324
1 500.0 519.6 503.9 517.8 496.1 500.5 492.2 502.2 0.6139
1 467.0 398.7 470.3 395.6 463.6 388.3 460.3 391.4 0.5682
1 548.4 239.4 549.2 234.9 530.3 231.5 529.5 236.0 0.5484
1 260.6 232.4 265.2 231.7 262.3 212.2 257.7 212.8 0.5102
1 370.2 587.7 373.9 589.5 379.6 578.4 375.9 576.6 0.4926
1 521.4 460.9 524.4 457.0 507.7 444.3 504.7 448.2 0.4542
1 502.8 517.8 506.0 516.4 499.1 500.8 495.8 502.2 0.2429
1 552.3 279.0 554.4 281.3 562.1 274.4 560.0 272.1 0.1805
1 545.1 395.2 547.7 392.1 536.2 382.1 533.6 385.2 0.1765
1 246.3 232.5 250.5 231.9 246.7 205.2 242.5 205.8 0.1680
1 72.1 532.8 76.7 537.0 88.6 524.1 84.0 519.9 0.1632
1 211.7 284.5 212.6 286.9 228.7 280.6 227.8 278.2 0.1570
1 643.7 246.4 644.6 249.4 654.2 246.4 653.2 243.5 0.1563
1 215.6 334.6 215.6 328.8 199.4 328.8 199.3 334.6 0.1490
1 199.2 280.2 201.0 284.6 225.9 274.0 224.0 269.7 0.1489
1 237.2 300.1 241.3 303.6 267.9 271.8 263.7 268.3 0.1485
1 203.9 283.7 205.3 287.1 225.8 279.2 224.5 275.7 0.1313
1 539.4 642.6 540.6 648.3 552.0 646.1 550.9 640.3 0.1152
