1 456.5 495.2 461.3 498.2 469.6 484.9 464.8 481.9 0.6240
1 257.0 210.3 261.3 209.8 258.8 188.1 254.4 188.6 0.4207
1 401.6 465.4 405.8 466.1 408.7 447.6 404.5 447.0 0.4003
1 245.5 236.3 249.6 235.9 248.3 223.0 244.2 223.4 0.3814
1 315.6 625.8 320.1 625.8 320.2 607.6 315.8 607.5 0.3705
1 513.3 511.4 519.5 512.5 522.9 492.8 516.7 491.7 0.3359
1 370.5 587.1 375.1 589.4 385.1 569.0 380.6 566.8 0.2767
1 406.1 381.0 409.3 379.7 405.6 370.8 402.4 372.1 0.2539
1 558.0 405.7 564.0 407.6 569.3 390.4 563.3 388.6 0.2278
1 235.8 301.7 241.4 306.4 261.3 282.6 255.7 277.9 0.2205
1 366.5 515.4 371.4 515.5 371.8 500.1 366.8 500.0 0.2109
1 242.7 222.8 246.1 222.5 244.8 210.0 241.4 210.4 0.2103
1 457.2 553.4 462.4 555.0 468.3 535.9 463.2 534.2 0.1867
1 367.1 645.8 370.8 647.9 379.0 633.7 375.3 631.6 0.1533
1 247.9 286.7 252.1 289.5 259.1 278.9 254.9 276.1 0.1262
1 253.7 234.6 261.5 233.7 257.2 195.3 249.4 196.2 0.1186
1 376.1 351.2 378.8 351.7 380.0 344.9 377.3 344.4 0.1074
1 296.3 289.0 298.4 286.5 292.1 281.3 290.0 283.9 0.1072
