1 563.8 507.7 567.8 510.6 580.1 494.0 576.1 491.0 0.5229
1 472.1 553.3 476.0 555.4 485.8 537.4 481.8 535.2 0.4745
1 619.5 470.9 622.4 472.1 625.7 464.0 622.7 462.8 0.2337
1 400.7 457.8 404.9 460.1 413.2 444.8 408.9 442.5 0.1937
1 677.8 315.2 679.5 317.6 689.6 310.5 687.9 308.0 0.1919
1 246.0 130.6 249.6 131.5 253.4 116.2 249.7 115.3 0.1861
1 511.4 510.5 516.8 512.8 524.7 494.4 519.2 492.1 0.1706
1 357.1 791.9 361.2 794.1 367.7 782.1 363.6 779.9 0.1203
1 531.7 445.2 536.4 447.8 546.1 430.7 541.4 428.1 0.1125
1 709.1 165.2 710.8 167.4 718.7 161.1 716.9 158.9 0.1080
