1 481.1 630.7 482.0 637.0 502.1 634.3 501.2 628.1 0.6817
1 354.0 112.7 359.0 113.9 364.1 92.8 359.0 91.5 0.6425
1 528.6 473.4 531.3 466.7 512.0 458.7 509.2 465.4 0.6265
1 -6.4 483.0 5.6 493.9 18.6 479.4 6.6 468.6 0.4868
1 207.2 648.8 209.8 651.0 217.6 641.7 215.0 639.4 0.4753
1 603.7 654.2 607.4 656.0 611.8 646.6 608.2 644.9 0.4643
1 81.4 548.5 86.8 553.3 98.3 540.4 92.9 535.6 0.4377
1 634.0 501.0 636.2 505.2 646.2 500.0 644.0 495.8 0.4213
1 307.7 362.8 307.8 353.1 294.3 353.1 294.3 362.8 0.3816
1 457.9 618.2 460.1 612.0 439.7 604.6 437.4 610.7 0.3539
1 247.5 251.3 263.2 248.4 245.4 150.6 229.7 153.4 0.3413
1 595.5 540.6 599.2 543.8 607.6 534.0 603.9 530.8 0.3251
1 420.3 759.2 422.8 757.5 419.0 752.1 416.5 753.9 0.2719
1 70.6 487.2 76.3 470.1 57.4 463.8 51.7 480.9 0.2393
1 245.0 238.7 245.3 249.8 261.6 249.3 261.3 238.3 0.2388
1 276.8 578.8 279.1 582.0 288.8 574.7 286.5 571.6 0.2328
1 566.0 632.4 568.6 635.3 575.9 628.8 573.3 625.8 0.2317
1 257.5 645.5 259.6 648.3 268.0 641.9 265.8 639.1 0.2262
1 250.5 299.9 254.7 303.6 266.0 290.8 261.8 287.1 0.2156
1 553.9 392.5 557.3 395.3 561.8 389.9 558.5 387.1 0.2094
1 320.4 507.9 320.6 504.7 313.3 504.3 313.1 507.5 0.2039
1 485.5 543.7 487.4 545.6 492.2 540.9 490.3 539.0 0.1921
1 562.4 513.6 565.8 513.9 566.3 507.3 562.9 507.1 0.1862
1 376.6 418.7 377.7 422.3 386.5 419.6 385.4 416.0 0.1791
1 513.9 735.0 517.6 735.9 519.8 726.8 516.1 725.9 0.1782
1 254.0 169.8 258.5 170.7 262.6 150.9 258.1 150.0 0.1737
1 256.0 217.7 260.1 216.9 256.6 198.1 252.5 198.8 0.1630
1 234.8 314.3 239.9 318.6 263.6 290.8 258.5 286.5 0.1617
1 422.8 792.4 423.1 787.8 417.7 787.4 417.3 792.1 0.1570
1 393.7 246.7 396.7 246.8 396.9 240.6 393.9 240.5 0.1258
1 542.6 269.0 544.5 271.2 549.7 266.6 547.7 264.4 0.1246
1 391.4 84.9 394.1 85.8 396.4 79.1 393.7 78.2 0.1194
1 416.9 140.7 419.6 141.9 422.5 135.1 419.9 133.9 0.1039
1 568.3 14.4 570.5 15.2 573.1 8.2 570.9 7.4 0.1015
