1 505.4 527.0 509.6 529.6 520.2 512.2 516.0 509.6 0.7408
1 342.6 593.5 346.6 596.2 357.8 579.5 353.7 576.8 0.6957
1 435.0 655.8 439.4 658.8 451.0 641.9 446.6 638.9 0.6912
1 454.4 565.8 459.3 568.0 467.7 549.3 462.8 547.1 0.6655
1 552.1 416.6 556.1 419.0 564.6 404.4 560.6 402.0 0.6561
1 359.4 542.0 363.1 544.8 375.3 528.8 371.6 526.0 0.6208
1 520.8 477.2 525.1 479.8 535.3 462.1 531.0 459.6 0.4904
1 538.2 249.6 542.2 251.1 548.9 233.3 544.9 231.8 0.4468
1 607.8 657.4 611.3 659.5 616.9 650.3 613.4 648.2 0.4246
1 278.5 579.6 280.5 582.2 289.9 575.1 287.9 572.5 0.4213
1 -6.0 483.7 6.9 493.7 18.6 478.6 5.7 468.6 0.4075
1 695.1 185.0 697.8 186.5 705.3 173.6 702.6 172.0 0.3469
1 207.2 650.5 209.5 652.4 216.9 643.1 214.5 641.2 0.3203
1 506.7 702.1 509.8 701.9 509.4 692.6 506.3 692.7 0.3197
1 253.4 635.2 256.6 635.2 256.6 626.4 253.4 626.4 0.3085
1 65.8 487.5 75.7 475.5 60.1 462.7 50.2 474.7 0.2563
1 275.6 689.5 278.8 691.9 285.6 683.1 282.4 680.7 0.2413
1 329.4 436.4 331.6 438.3 338.4 430.1 336.2 428.3 0.2128
1 381.2 693.4 384.3 694.9 387.7 687.5 384.7 686.0 0.2029
1 502.8 296.7 504.7 298.3 510.5 291.7 508.7 290.0 0.1783
1 647.9 633.9 650.2 636.0 656.0 629.4 653.7 627.4 0.1664
1 245.5 239.9 245.7 246.5 261.6 246.1 261.4 239.4 0.1645
1 356.6 508.0 358.8 508.2 359.3 502.5 357.1 502.4 0.1558
1 579.0 150.9 581.3 152.0 584.7 145.2 582.4 144.0 0.1399
1 81.2 548.4 86.1 552.7 98.4 538.6 93.4 534.3 0.1379
1 568.1 47.4 570.1 48.6 573.9 42.2 572.0 41.0 0.1360
1 419.0 193.8 420.8 195.3 426.2 188.9 424.3 187.3 0.1311
1 306.6 284.8 309.0 283.7 306.5 278.0 304.1 279.0 0.1274
1 420.9 793.7 424.4 789.8 420.3 786.2 416.8 790.1 0.1236
1 508.8 119.5 511.0 121.5 517.2 114.9 515.1 112.9 0.1179
1 237.4 316.9 240.3 319.5 249.6 308.9 246.7 306.4 0.1141
1 468.5 291.6 470.3 293.4 476.2 287.7 474.4 285.9 0.1126
1 445.1 532.1 447.8 533.6 451.8 526.2 449.2 524.8 0.1083
