1 258.6 158.8 263.2 159.8 267.2 140.7 262.5 139.7 0.7275
1 269.5 113.6 273.0 114.4 277.3 97.1 273.8 96.2 0.7176
1 541.6 222.5 545.8 224.4 553.9 206.3 549.7 204.4 0.7133
1 536.9 567.9 541.9 570.4 550.7 552.7 545.7 550.3 0.6756
1 264.0 135.1 268.1 136.0 272.1 118.3 268.1 117.4 0.6685
1 388.4 450.9 392.8 453.7 404.1 435.7 399.7 432.9 0.6638
1 496.1 497.7 500.2 500.1 510.7 482.5 506.7 480.0 0.6232
1 340.0 569.6 345.6 573.6 358.3 556.0 352.7 551.9 0.5539
1 359.1 108.3 364.0 109.5 368.8 88.9 364.0 87.7 0.5501
1 444.9 378.7 447.8 378.1 444.9 363.7 442.0 364.3 0.5352
1 516.8 448.6 521.6 451.3 531.4 433.6 526.6 431.0 0.5216
1 460.8 550.5 465.0 553.3 474.9 538.8 470.8 536.0 0.5133
1 240.0 643.1 242.8 645.1 252.3 631.5 249.5 629.6 0.4183
1 320.7 620.2 323.9 622.3 333.0 608.3 329.8 606.2 0.2495
1 330.9 439.4 333.3 441.0 338.8 432.3 336.3 430.8 0.2448
1 598.0 645.0 600.6 647.7 608.3 640.3 605.7 637.6 0.1959
1 280.0 545.8 282.4 547.3 288.5 537.9 286.1 536.4 0.1953
1 251.1 159.9 257.0 161.3 262.7 135.9 256.9 134.6 0.1529
1 273.8 92.2 276.9 93.0 280.4 79.8 277.3 79.0 0.1211
1 420.8 349.2 423.7 346.3 413.5 335.8 410.5 338.8 0.1113
