1 408.2 732.2 410.3 728.3 395.5 720.5 393.4 724.5 0.7739
1 486.9 517.7 489.9 521.0 505.5 506.6 502.5 503.3 0.7406
1 335.9 584.1 337.3 590.1 358.0 585.1 356.6 579.2 0.7311
1 449.1 575.9 452.2 579.9 467.9 567.6 464.8 563.6 0.7271
1 558.7 227.6 560.0 223.0 539.7 217.7 538.5 222.3 0.7260
1 241.7 751.0 243.3 754.8 260.3 747.9 258.8 744.1 0.7253
1 317.2 758.5 320.0 760.4 328.2 748.5 325.4 746.6 0.7189
1 255.4 217.2 259.9 216.2 255.6 196.5 251.1 197.5 0.7037
1 533.8 454.5 534.2 448.2 513.8 447.0 513.4 453.2 0.6821
1 639.7 257.7 641.5 260.7 649.8 255.7 648.0 252.7 0.6491
1 374.8 501.5 375.4 505.7 391.3 503.6 390.8 499.4 0.5344
1 461.8 489.3 464.3 490.9 470.1 482.0 467.6 480.4 0.5253
1 261.1 138.6 264.4 139.2 267.6 122.8 264.3 122.1 0.5205
1 81.6 547.7 86.1 551.8 97.8 539.0 93.4 534.9 0.4933
1 565.2 485.2 567.7 485.8 569.2 480.2 566.7 479.5 0.4919
1 285.1 570.6 285.5 574.4 295.6 573.3 295.2 569.5 0.4574
1 628.4 415.0 630.5 417.0 636.4 410.9 634.3 408.9 0.4536
1 328.7 472.7 330.3 474.7 337.5 469.1 335.9 467.1 0.4478
1 523.0 249.1 523.2 251.6 530.7 250.9 530.5 248.4 0.4466
1 178.6 747.2 180.5 749.1 187.1 742.4 185.1 740.5 0.4395
1 382.4 414.1 384.6 415.0 386.9 408.9 384.7 408.1 0.4297
1 265.7 639.1 266.3 642.0 278.6 639.4 278.0 636.6 0.4188
1 248.2 122.5 252.3 123.3 255.2 107.4 251.1 106.7 0.3830
1 219.4 582.0 220.2 579.3 212.4 576.8 211.5 579.6 0.3684
1 312.7 758.2 314.7 759.8 323.5 748.9 321.5 747.3 0.3588
1 342.8 763.7 345.1 765.1 349.1 758.5 346.8 757.1 0.3436
1 463.4 490.7 466.1 492.4 472.5 481.9 469.8 480.3 0.3347
1 436.0 264.5 438.3 263.0 433.6 256.0 431.3 257.6 0.3226
1 517.1 189.0 519.3 189.9 521.6 184.0 519.4 183.1 0.3065
1 544.1 629.4 549.0 629.2 548.6 618.3 543.8 618.5 0.2961
1 374.2 329.2 376.7 329.6 378.0 322.1 375.5 321.7 0.2851
1 497.3 224.4 499.3 224.5 499.4 217.1 497.4 217.1 0.2503
1 331.8 426.3 334.7 426.3 334.5 416.6 331.6 416.7 0.2320
1 605.7 459.7 608.3 462.8 615.4 456.9 612.8 453.8 0.2184
1 578.9 406.5 581.4 407.0 582.4 401.7 579.9 401.2 0.2144
1 269.0 99.7 271.3 100.2 273.4 91.4 271.0 90.8 0.2117
1 497.1 258.3 499.1 256.3 494.0 251.3 492.0 253.2 0.1937
1 474.4 224.9 476.3 224.1 473.1 216.3 471.1 217.1 0.1934
1 316.4 760.4 319.5 761.2 320.8 756.3 317.6 755.4 0.1901
1 489.9 237.6 491.9 237.7 492.1 230.6 490.1 230.5 0.1893
1 412.1 243.4 414.1 242.2 410.1 235.9 408.1 237.2 0.1878
1 498.9 285.3 500.6 283.3 494.7 278.2 493.0 280.2 0.1874
1 498.2 769.1 500.1 770.9 503.8 766.8 501.8 765.1 0.1715
1 605.7 399.7 608.1 399.8 608.3 392.5 605.9 392.4 0.1676
1 250.5 194.8 253.1 194.3 250.7 181.3 248.1 181.7 0.1675
1 254.1 244.0 260.0 243.0 254.2 211.2 248.3 212.2 0.1668
1 404.8 125.6 406.0 127.8 412.9 124.0 411.7 121.8 0.1658
1 462.7 150.3 464.5 149.2 460.7 142.5 458.9 143.5 0.1656
1 280.3 792.2 284.2 792.6 284.6 788.5 280.7 788.2 0.1588
1 479.0 192.6 481.2 191.8 478.7 184.8 476.5 185.6 0.1581
1 496.0 89.1 497.0 91.7 504.4 88.9 503.4 86.3 0.1498
1 579.4 370.2 582.4 369.4 581.1 364.1 578.1 364.9 0.1486
1 252.2 104.3 255.5 104.9 258.4 89.1 255.2 88.5 0.1451
1 232.3 205.3 234.6 206.0 237.2 197.6 234.8 196.9 0.1416
1 440.9 235.3 443.2 233.7 438.4 227.0 436.2 228.6 0.1412
1 425.4 104.6 427.3 106.5 432.1 101.8 430.3 99.9 0.1272
1 599.8 713.7 601.9 713.0 598.6 703.3 596.6 704.0 0.1221
1 197.0 270.2 199.2 274.7 224.0 262.4 221.7 257.8 0.1121
1 296.6 270.4 298.2 266.9 285.0 261.1 283.4 264.6 0.1115
1 406.6 46.0 408.3 48.0 413.0 44.1 411.3 42.1 0.1041
1 391.9 279.1 394.0 279.7 395.4 274.7 393.4 274.1 0.1029
1 243.6 231.5 246.5 230.9 244.3 220.3 241.5 220.8 0.1022
