1 329.3 642.9 330.5 646.7 347.9 641.2 346.7 637.4 0.7490
1 214.7 769.9 219.7 771.1 225.3 747.4 220.3 746.2 0.7390
1 527.7 466.8 528.7 460.7 507.5 457.2 506.5 463.3 0.7080
1 411.3 589.4 414.6 590.5 420.2 574.1 416.9 573.0 0.6407
1 296.2 511.3 299.1 514.5 311.7 502.7 308.7 499.6 0.6357
1 396.2 473.7 398.5 476.9 411.3 467.6 408.9 464.4 0.6234
1 351.7 542.9 355.1 545.5 366.4 530.4 362.9 527.8 0.6127
1 419.0 691.2 421.4 691.8 424.4 680.7 422.0 680.0 0.6065
1 538.6 226.3 539.0 231.2 558.1 229.5 557.6 224.6 0.5024
1 489.8 525.9 491.3 530.4 508.5 524.6 507.0 520.1 0.4552
1 81.5 548.2 86.3 552.3 97.6 539.1 92.8 534.9 0.4124
1 -10.7 484.5 7.5 495.4 19.3 475.5 1.1 464.7 0.4083
1 264.7 122.4 268.1 123.2 272.1 105.3 268.8 104.5 0.3896
1 65.8 486.4 75.5 472.1 60.7 462.1 51.0 476.4 0.3439
1 338.0 594.0 341.2 596.2 349.9 583.5 346.7 581.3 0.3373
1 282.7 659.8 285.1 660.8 288.1 653.3 285.7 652.3 0.2716
1 205.7 592.6 207.9 594.5 213.4 588.0 211.2 586.1 0.2580
1 455.6 572.2 458.6 575.2 471.9 562.3 468.9 559.2 0.2205
1 228.9 707.1 231.4 708.8 236.7 700.9 234.2 699.2 0.1981
1 236.6 312.8 240.1 315.5 250.7 301.5 247.2 298.8 0.1811
1 215.4 131.9 219.3 132.7 222.7 114.6 218.8 113.9 0.1450
1 254.2 244.3 260.1 243.1 254.4 214.7 248.5 215.9 0.1374
1 258.8 473.5 260.8 472.5 257.3 465.2 255.4 466.1 0.1097
