1 433.0 640.0 437.7 642.2 446.5 622.9 441.8 620.7 0.6714
1 545.6 247.6 549.3 249.5 559.0 231.6 555.3 229.6 0.6521
1 521.6 469.2 525.7 469.8 528.5 451.5 524.4 450.8 0.6199
1 463.8 573.5 469.1 575.6 475.9 558.2 470.5 556.1 0.4518
1 507.7 522.8 513.8 524.5 519.6 504.4 513.5 502.7 0.4298
1 357.1 531.7 361.9 533.1 367.2 514.8 362.4 513.4 0.3649
1 322.1 444.3 325.2 443.9 323.6 431.4 320.5 431.8 0.3357
1 439.0 479.7 441.8 481.3 450.3 466.9 447.5 465.2 0.3243
1 577.2 48.3 578.9 49.6 583.5 43.8 581.7 42.4 0.2845
1 336.6 578.3 340.5 579.1 344.4 561.5 340.5 560.7 0.2542
1 513.9 430.5 516.3 431.7 520.4 423.4 518.1 422.2 0.1231
