1 538.3 572.5 542.4 575.8 555.6 559.4 551.5 556.1 0.7799
1 453.3 468.4 457.6 470.9 468.9 450.8 464.5 448.4 0.7649
1 478.5 561.6 482.5 564.2 493.5 546.5 489.5 544.0 0.7535
1 532.6 457.2 536.5 460.3 549.2 444.7 545.4 441.6 0.7355
1 546.3 229.6 551.1 231.2 557.9 211.5 553.0 209.8 0.7326
1 263.5 125.6 267.6 126.4 272.1 105.2 268.0 104.4 0.7322
1 259.0 147.4 263.2 148.2 266.8 129.2 262.7 128.4 0.7258
1 510.4 515.9 513.9 518.7 525.9 503.3 522.4 500.5 0.6986
1 360.8 791.7 364.9 794.3 371.7 783.8 367.6 781.2 0.6826
1 284.1 687.7 288.0 689.5 296.4 672.1 292.5 670.3 0.6756
1 253.3 170.2 257.8 171.3 263.0 150.8 258.4 149.6 0.6656
1 313.6 636.4 318.1 637.4 322.3 618.0 317.8 617.0 0.6276
1 544.3 696.4 548.0 698.6 554.9 687.4 551.2 685.2 0.5470
1 255.0 218.1 259.9 217.1 255.7 195.7 250.8 196.6 0.4985
1 403.4 705.7 406.4 706.8 411.3 692.3 408.3 691.2 0.4974
1 278.7 530.5 282.0 530.9 283.2 520.6 279.8 520.3 0.4550
1 246.2 301.5 249.4 303.9 261.3 288.0 258.1 285.6 0.4434
1 236.7 312.7 239.7 315.0 248.8 302.8 245.8 300.6 0.4215
1 521.4 791.8 525.4 789.9 520.2 779.2 516.3 781.1 0.4107
1 252.4 300.4 255.3 302.5 264.3 290.2 261.4 288.1 0.3947
1 248.1 83.7 250.7 84.3 252.8 75.0 250.3 74.4 0.3937
1 598.8 454.9 601.9 457.7 608.7 450.1 605.6 447.2 0.3668
1 467.8 288.9 470.3 290.4 474.7 283.1 472.2 281.6 0.3663
1 261.5 630.6 264.7 631.1 266.6 618.4 263.5 617.9 0.3601
1 257.8 80.0 260.4 80.6 263.6 67.6 261.0 67.0 0.3435
1 417.4 791.7 422.0 791.8 422.1 786.8 417.5 786.7 0.2962
1 65.8 487.4 75.7 473.1 59.8 462.1 49.9 476.4 0.2671
1 554.6 560.0 554.6 556.7 548.5 556.7 548.5 560.0 0.2219
1 268.2 100.7 271.1 101.3 273.4 91.0 270.5 90.4 0.2049
1 246.9 239.9 247.2 245.1 260.6 244.3 260.3 239.1 0.1935
1 259.0 287.7 262.2 289.5 267.5 280.2 264.3 278.3 0.1818
1 340.6 469.8 343.4 470.4 345.1 461.8 342.2 461.2 0.1818
1 361.2 684.3 363.2 683.5 360.7 677.2 358.7 678.0 0.1762
1 81.7 547.8 86.4 551.8 97.4 539.1 92.8 535.0 0.1515
1 260.7 65.0 263.5 65.5 266.1 52.4 263.3 51.8 0.1434
1 523.8 672.0 525.5 673.0 528.8 667.3 527.1 666.3 0.1239
1 240.1 587.9 241.5 585.2 235.1 581.8 233.7 584.5 0.1200
1 429.5 242.6 432.2 243.4 434.7 234.6 431.9 233.8 0.1109
1 241.9 312.6 243.9 314.0 249.8 306.0 247.9 304.6 0.1077
