1 529.2 463.9 532.9 462.3 525.2 444.5 521.4 446.1 0.7610
1 480.1 391.1 485.2 392.8 492.2 370.6 487.1 368.9 0.7129
1 507.1 510.3 509.5 505.7 493.1 497.1 490.7 501.7 0.7037
1 467.3 560.1 472.9 558.5 467.6 540.2 462.0 541.8 0.6975
1 450.8 632.8 451.9 627.6 433.6 623.9 432.5 629.0 0.6687
1 259.9 241.6 264.9 240.7 260.9 218.3 256.0 219.2 0.6387
1 268.0 576.7 269.3 580.2 282.3 575.2 281.0 571.8 0.5917
1 595.0 279.6 596.7 281.9 607.7 273.5 605.9 271.2 0.5726
1 176.6 743.1 177.0 747.7 194.7 746.2 194.3 741.6 0.5651
1 208.9 643.3 209.8 646.2 220.6 642.8 219.7 640.0 0.5015
1 505.1 296.6 507.3 297.6 510.9 289.9 508.7 288.9 0.4817
1 564.9 12.3 566.1 14.2 572.7 9.9 571.5 8.1 0.4710
1 608.2 657.2 611.1 658.9 616.3 650.0 613.4 648.3 0.4458
1 -2.7 488.6 15.4 489.2 16.0 470.3 -2.0 469.7 0.4440
1 414.4 227.7 415.9 229.9 423.0 224.8 421.5 222.6 0.4306
1 644.7 14.5 646.1 15.9 651.3 10.6 649.9 9.2 0.4051
1 425.5 252.9 427.0 254.7 432.8 249.9 431.3 248.0 0.3880
1 573.5 638.1 576.2 638.7 578.0 630.5 575.3 629.9 0.3728
1 302.9 477.0 303.3 479.5 311.4 478.3 311.0 475.7 0.3583
1 686.7 220.3 688.2 222.5 694.5 218.3 693.0 216.1 0.3578
1 593.2 450.2 595.1 451.4 599.5 444.8 597.6 443.6 0.3427
1 448.6 234.8 450.5 236.3 455.1 230.6 453.2 229.0 0.3367
1 466.9 196.1 468.2 197.8 474.0 193.3 472.7 191.6 0.3322
1 293.2 508.8 296.2 508.6 295.4 496.4 292.4 496.6 0.3189
1 453.8 309.3 456.2 309.6 457.3 301.8 454.9 301.5 0.3158
1 485.8 43.8 487.1 45.6 493.0 41.5 491.8 39.7 0.3103
1 579.2 148.0 580.4 150.0 587.1 145.9 585.9 143.9 0.2930
1 422.8 792.8 422.9 787.9 418.0 787.8 417.9 792.7 0.2826
1 442.5 183.8 443.8 185.4 449.6 180.4 448.3 178.9 0.2817
1 429.2 206.1 430.7 207.6 435.8 202.6 434.3 201.1 0.2809
1 420.9 167.3 422.4 169.2 428.6 164.3 427.1 162.4 0.2794
1 502.7 181.2 504.5 182.6 508.6 177.0 506.8 175.7 0.2773
1 504.4 786.0 505.2 788.1 511.7 785.7 510.9 783.6 0.2596
1 68.3 487.5 76.8 471.5 59.5 462.3 51.0 478.3 0.2496
1 464.9 254.6 466.8 255.9 470.9 249.7 469.0 248.4 0.2446
1 312.7 519.6 312.9 516.6 304.4 515.9 304.1 518.8 0.2301
1 244.4 239.3 244.7 250.7 262.2 250.3 261.9 238.9 0.2204
1 414.4 207.1 416.1 209.0 421.6 204.1 419.8 202.2 0.2196
1 568.3 45.7 570.1 47.4 575.5 42.0 573.8 40.3 0.2039
1 414.0 183.5 416.7 183.3 415.6 172.6 413.0 172.8 0.1872
1 338.8 451.1 339.3 454.0 348.0 452.6 347.6 449.7 0.1857
1 407.4 116.6 408.8 119.0 415.7 115.0 414.4 112.6 0.1851
1 510.6 118.0 512.7 120.0 518.7 113.8 516.6 111.7 0.1808
1 493.3 124.4 494.8 126.4 500.9 121.9 499.5 119.9 0.1687
1 502.2 199.4 503.8 201.5 510.4 196.4 508.8 194.3 0.1528
1 301.0 301.5 303.0 299.4 294.5 291.2 292.5 293.3 0.1494
1 581.5 791.9 584.0 792.0 584.1 787.5 581.6 787.4 0.1479
1 416.3 149.6 417.3 152.1 421.3 150.5 420.3 148.1 0.1434
1 474.2 132.6 475.4 134.4 480.5 130.9 479.3 129.2 0.1414
1 443.8 272.4 445.5 273.6 449.6 268.0 448.0 266.8 0.1403
1 509.9 298.1 510.7 300.5 516.5 298.4 515.7 296.1 0.1401
1 508.9 157.0 510.6 158.1 514.8 151.5 513.1 150.4 0.1319
1 587.8 92.4 589.0 94.1 594.1 90.4 592.9 88.7 0.1227
1 464.7 105.9 466.0 107.9 472.0 104.0 470.8 102.0 0.1211
1 490.4 11.6 490.9 13.4 497.9 11.7 497.4 9.8 0.1093
1 394.0 149.6 394.5 151.8 401.4 150.1 400.8 147.9 0.1075
