1 456.2 626.5 460.5 629.5 472.0 613.5 467.7 610.4 0.7120
1 476.4 546.1 479.4 548.2 489.9 532.3 486.9 530.3 0.5798
1 379.7 493.8 382.6 495.4 389.9 482.6 387.0 481.0 0.5539
1 552.2 548.8 556.2 553.0 571.3 538.5 567.4 534.4 0.4883
1 509.5 503.1 512.5 505.8 525.4 491.2 522.4 488.5 0.4777
1 489.4 487.6 491.7 488.8 496.2 479.7 493.9 478.5 0.2807
1 455.3 551.4 457.7 551.8 459.3 542.6 456.8 542.2 0.2462
1 131.5 65.7 137.7 67.5 142.5 51.2 136.3 49.4 0.2036
1 64.2 484.3 72.8 474.4 60.8 464.1 52.2 474.0 0.1873
1 613.4 476.7 615.1 478.6 621.9 472.5 620.2 470.6 0.1790
1 606.3 461.8 608.5 463.7 616.2 454.4 614.0 452.5 0.1697
1 284.4 553.5 286.2 555.3 295.2 546.6 293.5 544.8 0.1657
1 277.0 617.7 279.3 619.9 287.4 611.9 285.2 609.6 0.1412
1 80.9 548.0 87.4 553.0 98.1 539.1 91.6 534.1 0.1327
1 306.8 464.7 308.5 467.7 318.3 462.1 316.5 459.1 0.1323
1 144.0 76.3 147.5 76.8 149.3 65.7 145.8 65.2 0.1060
