1 394.7 467.7 399.4 470.0 408.6 451.3 404.0 449.0 0.7071
1 317.7 589.3 321.3 592.9 336.1 577.9 332.5 574.3 0.6951
1 269.4 113.9 273.1 114.8 277.7 97.0 274.0 96.0 0.6825
1 512.4 364.5 516.0 366.4 526.2 347.5 522.6 345.5 0.6805
1 702.8 167.6 704.0 170.4 719.3 163.8 718.1 160.9 0.6736
1 674.6 246.9 676.8 251.0 693.6 242.0 691.5 237.9 0.6245
1 407.5 123.4 409.2 124.7 413.9 118.7 412.2 117.4 0.5082
1 240.3 302.9 242.8 305.2 254.7 292.6 252.2 290.3 0.4755
1 433.4 203.3 434.8 205.2 441.0 200.5 439.5 198.5 0.4693
1 458.7 150.7 460.4 152.1 465.1 146.5 463.4 145.1 0.4573
1 256.1 204.1 260.0 203.6 257.9 187.6 254.0 188.1 0.4518
1 236.5 297.3 239.5 300.0 250.0 288.3 246.9 285.6 0.4492
1 435.5 234.9 437.0 236.7 443.3 231.8 441.9 230.0 0.4336
1 622.7 416.6 624.4 418.8 631.6 413.1 629.9 410.9 0.4331
1 552.3 456.2 552.4 449.0 531.6 448.7 531.5 455.9 0.4289
1 465.3 193.0 467.3 194.3 472.2 187.0 470.2 185.7 0.4186
1 597.9 464.9 600.0 467.3 607.6 460.8 605.6 458.4 0.4059
1 485.3 275.9 486.9 277.4 492.4 271.8 490.8 270.2 0.3997
1 454.9 282.9 456.5 284.2 461.5 278.5 460.0 277.1 0.3909
1 500.3 173.3 502.7 174.7 506.7 167.5 504.2 166.2 0.3661
1 430.6 99.5 432.3 101.2 436.9 96.2 435.2 94.6 0.3652
1 502.8 293.9 505.4 295.4 509.9 287.1 507.3 285.6 0.3444
1 638.9 197.4 641.4 199.4 647.5 191.8 645.0 189.8 0.3168
1 535.1 95.4 537.0 96.3 540.3 89.5 538.3 88.6 0.3165
1 495.0 195.7 496.9 197.0 500.9 190.8 499.1 189.6 0.3082
1 302.1 421.4 304.3 423.3 310.3 416.6 308.1 414.6 0.3033
1 660.4 285.4 661.6 288.2 670.0 284.6 668.8 281.8 0.2989
1 551.6 270.4 553.5 273.0 563.4 265.9 561.6 263.3 0.2971
1 485.1 47.1 487.3 48.4 490.9 41.7 488.7 40.5 0.2745
1 606.2 387.5 607.9 388.8 612.1 383.0 610.3 381.8 0.2581
1 526.0 47.3 527.0 50.2 535.3 47.1 534.3 44.2 0.2304
1 73.0 532.2 77.9 536.5 89.0 523.7 84.2 519.5 0.2266
1 215.0 333.6 215.0 328.9 197.5 328.8 197.5 333.5 0.2251
1 257.3 461.6 259.4 460.3 256.4 455.2 254.3 456.4 0.2225
1 441.1 127.5 442.4 129.0 446.8 124.9 445.5 123.5 0.2151
1 466.6 260.4 468.0 261.8 473.2 256.4 471.8 255.0 0.2041
1 512.0 111.1 514.0 111.9 517.1 103.7 515.1 102.9 0.1981
1 479.4 242.7 481.4 244.7 488.3 237.8 486.2 235.8 0.1897
1 412.6 42.7 414.5 44.5 419.3 39.6 417.4 37.8 0.1882
1 547.5 291.7 548.7 294.0 554.5 291.2 553.3 288.8 0.1861
1 469.5 294.1 471.2 295.5 476.0 290.0 474.3 288.5 0.1468
1 405.9 243.0 407.3 244.6 412.9 240.1 411.6 238.4 0.1460
1 421.8 260.0 423.2 261.9 428.8 257.6 427.3 255.7 0.1428
1 423.0 158.8 424.2 160.4 428.9 156.7 427.7 155.2 0.1396
1 470.4 87.7 473.0 90.1 478.1 84.3 475.5 82.0 0.1390
1 395.0 607.0 397.8 608.6 405.2 595.7 402.3 594.1 0.1314
1 241.4 204.1 244.7 203.6 243.5 195.6 240.2 196.1 0.1255
1 488.2 130.2 490.7 130.9 493.4 122.0 491.0 121.2 0.1180
1 304.4 354.7 305.1 345.5 291.2 344.5 290.6 353.7 0.1160
1 341.5 448.5 343.6 447.0 338.4 439.8 336.4 441.3 0.1013
