1 529.5 257.2 532.6 260.1 545.7 245.9 542.5 243.0 0.8267
1 445.9 637.4 448.9 641.2 463.8 629.6 460.8 625.8 0.8081
1 497.5 631.2 500.1 634.7 515.7 623.1 513.1 619.6 0.8054
1 515.1 475.3 518.0 478.8 533.6 465.9 530.7 462.4 0.8006
1 483.6 528.7 486.7 532.3 502.3 519.1 499.2 515.4 0.8004
1 257.8 150.9 262.2 151.8 265.6 134.7 261.3 133.8 0.7922
1 265.8 708.8 268.4 711.1 279.6 698.6 277.1 696.3 0.7537
1 260.8 245.8 265.5 244.9 260.7 219.9 256.0 220.8 0.7312
1 272.3 574.5 276.4 576.3 282.8 561.6 278.8 559.8 0.7223
1 345.1 665.4 348.8 667.2 355.4 653.6 351.7 651.8 0.6965
1 352.6 118.0 356.9 118.9 361.0 99.3 356.7 98.4 0.6605
1 252.9 171.2 257.9 172.3 262.6 152.4 257.5 151.2 0.6248
1 694.3 164.9 695.6 167.5 705.7 162.6 704.4 159.9 0.6134
1 262.3 648.1 264.3 649.7 270.8 641.3 268.8 639.8 0.5454
1 259.8 619.5 261.8 621.2 268.6 612.8 266.5 611.1 0.5431
1 453.3 579.4 456.6 582.2 468.8 567.6 465.5 564.8 0.5150
1 487.4 787.0 490.1 789.9 499.7 780.7 497.0 777.9 0.5123
1 584.5 472.6 586.1 475.0 594.2 469.6 592.6 467.2 0.4868
1 506.2 197.0 508.0 198.6 513.7 192.1 511.9 190.5 0.4854
1 565.9 538.3 568.4 538.7 569.5 530.7 567.0 530.4 0.4826
1 521.2 177.5 523.5 179.4 528.0 173.8 525.7 171.9 0.4687
1 451.4 243.7 453.0 244.9 457.7 238.6 456.1 237.4 0.4662
1 256.0 248.4 261.1 248.3 261.1 223.5 256.0 223.6 0.4630
1 418.7 793.1 423.2 791.2 420.7 785.2 416.2 787.1 0.4587
1 450.5 266.1 452.1 267.6 457.9 261.8 456.3 260.2 0.4508
1 503.1 284.3 504.5 285.7 509.4 280.7 507.9 279.3 0.4389
1 236.7 318.5 240.0 321.3 250.2 309.6 246.9 306.7 0.4253
1 513.4 146.5 515.5 148.6 521.1 143.0 519.0 140.9 0.4164
1 600.4 653.2 602.1 654.6 607.5 647.9 605.9 646.6 0.4143
1 485.0 211.2 486.9 213.0 492.9 206.9 491.1 205.1 0.4133
1 250.6 301.2 254.0 304.1 266.2 289.5 262.8 286.7 0.3924
1 407.1 138.5 408.5 139.8 413.9 134.0 412.4 132.7 0.3903
1 440.8 169.5 442.4 170.9 448.2 164.5 446.5 163.1 0.3889
1 388.7 142.8 390.5 144.2 394.9 138.6 393.1 137.2 0.3847
1 476.3 263.1 478.2 264.6 482.7 258.8 480.7 257.3 0.3719
1 452.5 578.6 452.6 581.1 457.3 581.0 457.3 578.5 0.3513
1 547.0 640.6 550.2 642.3 554.5 634.0 551.3 632.4 0.3459
1 204.7 698.3 208.7 699.0 210.7 688.4 206.8 687.6 0.3432
1 482.1 248.0 483.8 249.1 487.9 242.7 486.2 241.6 0.3340
1 258.0 243.3 264.3 237.8 255.2 227.3 248.8 232.8 0.3317
1 511.7 625.5 514.5 625.6 514.6 620.5 511.9 620.4 0.3313
1 326.3 449.0 328.5 450.7 334.0 443.6 331.8 441.9 0.3162
1 450.4 292.2 452.6 293.6 456.5 287.2 454.3 285.9 0.3104
1 679.6 228.1 680.6 230.0 685.5 227.6 684.5 225.6 0.2987
1 228.6 316.5 232.7 319.9 247.3 302.7 243.2 299.3 0.2928
1 458.9 184.2 460.5 185.9 466.2 180.5 464.6 178.8 0.2896
1 703.5 517.8 705.8 520.8 713.8 514.7 711.5 511.7 0.2866
1 534.3 259.3 534.8 255.8 530.6 255.2 530.2 258.8 0.2864
1 396.8 188.4 398.1 190.2 403.7 186.1 402.5 184.4 0.2761
1 500.9 170.0 503.2 171.5 507.7 165.1 505.5 163.5 0.2702
1 81.9 548.4 87.1 552.2 97.3 538.3 92.1 534.5 0.2589
1 654.2 1.7 656.1 5.2 663.5 0.9 661.6 -2.5 0.2568
1 211.6 570.7 213.6 571.7 218.3 563.0 216.3 561.9 0.2443
1 434.3 260.0 435.9 261.4 440.0 256.6 438.3 255.2 0.2387
1 469.8 179.2 471.2 180.5 476.0 175.4 474.7 174.1 0.2357
1 408.2 252.3 409.8 253.5 414.4 247.2 412.8 246.0 0.2175
1 202.0 273.3 204.4 277.5 219.7 268.9 217.4 264.8 0.2044
1 416.2 165.5 418.0 167.2 424.1 160.9 422.3 159.2 0.1871
1 430.8 138.9 433.1 140.4 437.1 134.4 434.8 132.9 0.1830
1 499.7 122.2 502.0 123.8 506.8 116.8 504.4 115.2 0.1700
1 377.1 36.0 380.5 36.5 382.4 22.0 379.0 21.5 0.1652
1 541.7 5.7 543.5 7.1 548.2 0.8 546.4 -0.5 0.1578
1 249.2 288.9 256.5 295.6 268.7 282.3 261.4 275.7 0.1526
1 561.1 520.3 562.4 521.6 567.0 516.8 565.7 515.6 0.1448
1 601.8 430.8 603.6 433.5 609.7 429.4 607.8 426.8 0.1241
1 531.0 117.2 532.6 118.7 537.5 113.7 535.9 112.1 0.1197
1 462.5 9.2 464.1 10.5 467.7 6.1 466.1 4.8 0.1097
