1 529.8 453.6 533.9 456.3 545.6 439.0 541.5 436.3 0.6477
1 564.5 497.7 568.5 501.4 580.7 488.1 576.6 484.4 0.5197
1 556.4 559.7 559.7 562.2 567.9 551.4 564.6 548.9 0.5032
1 373.8 517.6 378.4 521.0 388.8 507.4 384.2 503.9 0.3482
1 598.2 448.1 600.6 449.5 607.7 437.5 605.3 436.1 0.2738
1 476.9 547.5 480.7 550.5 489.0 540.1 485.1 537.1 0.2534
1 275.9 674.1 280.0 676.4 289.7 658.8 285.7 656.6 0.2506
1 560.1 402.7 563.7 405.3 574.0 390.9 570.5 388.3 0.1828
1 345.9 565.6 350.3 568.4 361.2 551.8 356.8 548.9 0.1794
1 65.5 487.6 75.7 475.1 60.2 462.4 50.0 475.0 0.1717
1 600.5 587.4 603.3 589.1 607.8 581.4 604.9 579.7 0.1396
1 554.3 562.2 558.3 564.1 561.8 557.0 557.7 555.0 0.1314
1 283.9 579.3 287.3 580.7 292.2 569.0 288.7 567.6 0.1025
