1 374.4 506.0 378.5 507.5 385.0 489.5 380.8 488.0 0.7946
1 448.0 620.2 452.4 622.0 460.5 603.3 456.1 601.4 0.7920
1 466.9 559.4 472.0 561.3 479.1 542.3 474.0 540.4 0.7888
1 499.7 502.1 503.8 504.4 513.1 488.1 509.0 485.8 0.7821
1 258.5 147.2 262.5 148.0 266.3 129.5 262.3 128.7 0.7594
1 330.1 628.4 334.0 629.7 339.8 611.7 335.9 610.5 0.7581
1 529.7 453.0 533.6 454.9 541.9 437.5 537.9 435.6 0.7504
1 340.0 566.1 344.9 567.5 350.1 549.0 345.2 547.6 0.7337
1 566.9 371.2 570.1 373.5 578.7 361.7 575.5 359.4 0.7271
1 529.7 559.4 534.9 561.5 542.7 543.1 537.4 540.9 0.6966
1 277.9 690.1 281.5 691.1 286.4 673.0 282.8 672.0 0.6657
1 548.0 226.4 551.7 228.5 559.3 214.7 555.6 212.6 0.5574
1 607.9 467.8 611.3 470.2 619.1 459.1 615.8 456.7 0.4934
1 390.4 274.0 391.3 268.7 371.1 265.0 370.2 270.3 0.4780
1 254.2 141.5 258.6 142.6 262.3 128.2 257.9 127.0 0.4595
1 564.7 288.8 567.0 288.9 567.5 280.6 565.2 280.4 0.2516
1 370.5 393.7 373.6 394.7 376.5 385.1 373.4 384.2 0.2452
1 485.5 783.2 488.2 786.7 498.6 778.8 495.9 775.3 0.2138
1 719.6 506.9 723.4 507.4 724.7 496.4 720.9 496.0 0.2066
1 419.9 793.5 423.5 791.9 419.9 783.8 416.3 785.4 0.2033
1 449.7 262.2 451.9 262.9 454.3 255.9 452.1 255.2 0.1558
1 715.6 157.6 718.2 159.6 727.2 147.4 724.6 145.5 0.1436
1 618.7 376.5 621.3 377.6 624.7 369.2 622.1 368.1 0.1383
1 524.2 138.6 526.6 139.7 530.1 131.9 527.7 130.8 0.1375
