1 567.9 255.9 572.4 258.1 581.6 239.5 577.1 237.3 0.7826
1 526.3 480.7 530.8 482.9 539.9 464.2 535.4 462.0 0.7786
1 284.1 677.2 287.0 679.8 299.1 666.5 296.1 663.9 0.7568
1 255.1 216.3 259.0 215.5 255.4 196.8 251.4 197.6 0.7381
1 302.2 528.6 305.2 531.0 313.8 519.8 310.9 517.5 0.7312
1 213.9 697.2 216.3 699.3 225.4 689.0 223.0 686.9 0.7231
1 447.7 589.7 452.9 592.1 461.3 573.5 456.1 571.2 0.6889
1 260.3 244.6 264.8 243.9 261.3 222.0 256.8 222.7 0.6610
1 183.1 755.2 186.5 758.4 196.4 747.8 193.0 744.6 0.6284
1 380.2 466.0 383.6 468.2 394.0 452.4 390.7 450.1 0.6177
1 514.9 746.0 518.1 749.7 526.3 742.4 523.1 738.7 0.6157
1 542.9 380.2 545.9 382.2 550.5 375.5 547.6 373.5 0.6083
1 375.2 537.2 377.8 539.1 385.5 528.2 382.9 526.4 0.5994
1 259.5 146.0 263.7 146.8 267.2 129.0 263.0 128.1 0.5948
1 635.8 626.1 637.1 629.9 647.0 626.4 645.7 622.7 0.5938
1 567.9 697.5 571.6 697.9 572.9 686.0 569.2 685.6 0.5603
1 529.1 784.4 531.7 786.8 539.0 779.1 536.3 776.6 0.5514
1 599.4 656.4 601.3 657.9 606.4 650.8 604.5 649.4 0.5504
1 325.7 634.7 328.1 637.1 337.7 627.5 335.3 625.1 0.5233
1 210.4 641.1 214.6 642.3 218.2 630.3 214.1 629.0 0.5036
1 294.4 571.6 296.1 573.3 303.8 565.0 302.0 563.3 0.5005
1 330.1 496.6 332.6 498.9 341.1 489.3 338.6 487.1 0.4868
1 571.9 620.8 575.0 621.6 577.4 612.8 574.3 611.9 0.4758
1 637.2 688.8 638.6 689.7 642.1 684.4 640.7 683.4 0.4696
1 616.4 534.1 618.8 538.0 627.9 532.7 625.6 528.7 0.4692
1 353.9 113.8 359.3 114.8 363.2 94.0 357.8 93.0 0.4665
1 486.3 181.9 488.3 183.4 493.4 176.5 491.4 175.0 0.4490
1 328.0 414.7 330.1 416.3 335.5 409.3 333.4 407.6 0.4258
1 520.9 198.5 524.2 200.8 528.6 194.6 525.2 192.3 0.3862
1 518.8 653.0 521.0 654.5 524.9 649.0 522.7 647.4 0.3595
1 251.8 236.6 258.6 239.5 262.1 231.3 255.2 228.4 0.3592
1 660.9 242.2 663.0 245.0 669.9 240.1 667.9 237.3 0.3451
1 256.0 46.7 258.8 47.2 260.4 37.2 257.6 36.8 0.3434
1 620.8 774.0 622.5 775.4 627.3 769.9 625.7 768.4 0.3276
1 263.9 123.7 267.7 124.5 271.9 105.0 268.1 104.2 0.3241
1 475.6 132.2 477.5 133.6 481.4 128.3 479.4 126.9 0.2962
1 249.3 173.6 255.3 174.5 260.2 138.8 254.2 138.0 0.2819
1 215.5 131.9 219.1 132.6 221.9 118.8 218.3 118.1 0.2798
1 412.1 213.0 415.6 214.8 418.9 208.1 415.4 206.4 0.2724
1 524.6 737.8 526.5 739.2 530.5 733.7 528.6 732.3 0.2682
1 206.6 640.5 209.4 641.7 212.5 634.3 209.7 633.2 0.2624
1 437.5 197.0 439.3 198.4 444.1 192.1 442.3 190.7 0.2596
1 385.6 725.8 388.4 724.6 384.3 715.0 381.5 716.2 0.2539
1 451.2 106.1 453.3 107.7 458.5 101.1 456.5 99.5 0.2466
1 510.9 162.3 512.5 163.5 516.2 158.1 514.6 157.0 0.2418
1 453.0 130.5 454.5 131.9 458.2 128.1 456.6 126.7 0.2346
1 383.9 762.4 385.6 764.0 392.1 756.9 390.5 755.4 0.2255
1 467.1 300.2 469.1 301.5 473.4 294.9 471.4 293.6 0.2203
1 255.5 163.8 263.3 164.0 264.1 129.4 256.2 129.3 0.2140
1 629.0 19.7 630.0 23.7 639.9 21.0 638.8 17.1 0.1970
1 515.7 86.2 517.6 87.9 523.3 81.4 521.5 79.8 0.1859
1 493.1 204.1 494.9 205.4 499.1 199.2 497.3 197.9 0.1752
1 502.5 10.4 504.5 11.8 508.8 5.6 506.8 4.2 0.1741
1 540.7 104.4 542.6 106.5 549.8 99.7 547.9 97.6 0.1724
1 209.9 641.8 213.2 642.4 214.5 635.7 211.2 635.1 0.1722
1 439.8 155.1 441.5 156.7 446.5 151.2 444.8 149.7 0.1719
1 249.6 290.5 258.7 296.3 269.4 279.8 260.3 274.0 0.1693
1 648.1 183.3 650.1 184.9 655.5 178.3 653.5 176.6 0.1689
1 470.1 234.8 472.0 235.9 476.1 229.0 474.2 227.9 0.1686
1 372.3 660.2 374.5 659.2 372.2 654.1 370.0 655.1 0.1677
1 438.8 243.7 440.6 244.9 444.4 239.2 442.6 238.1 0.1612
1 402.0 150.0 403.7 151.3 408.3 145.6 406.6 144.2 0.1558
1 508.3 200.1 511.0 200.0 510.7 192.8 507.9 192.9 0.1527
1 606.9 446.1 609.3 448.6 614.7 443.6 612.4 441.1 0.1345
1 415.9 246.3 417.8 247.2 420.7 241.2 418.8 240.3 0.1288
1 540.0 295.6 541.3 298.0 546.4 295.2 545.1 292.8 0.1271
1 523.6 744.5 525.3 744.6 525.6 740.6 523.9 740.5 0.1247
1 515.2 47.5 517.8 49.1 521.6 42.5 519.0 41.0 0.1247
1 467.0 301.7 469.3 301.7 469.4 296.4 467.1 296.4 0.1207
1 255.9 216.6 258.9 216.6 258.9 201.8 255.9 201.8 0.1190
1 -8.6 480.9 4.6 493.9 19.7 478.5 6.5 465.6 0.1051
1 649.6 334.8 651.6 336.4 657.0 329.9 655.1 328.3 0.1045
1 303.2 548.2 304.8 546.9 301.5 542.8 299.9 544.1 0.1045
1 220.0 215.3 221.8 208.9 214.9 207.0 213.2 213.5 0.1035
1 401.6 195.9 403.6 196.7 405.4 191.7 403.4 190.9 0.1014
