1 268.7 115.4 273.0 116.5 277.8 96.4 273.6 95.3 0.7736
1 539.6 243.8 542.9 247.4 558.3 233.3 554.9 229.6 0.7627
1 257.6 160.7 261.4 161.7 266.4 142.1 262.6 141.1 0.7296
1 257.1 207.9 261.1 207.2 257.7 187.5 253.6 188.2 0.7282
1 517.4 583.9 521.8 587.0 532.5 571.7 528.1 568.6 0.7156
1 527.3 484.9 530.8 487.7 543.4 472.1 539.9 469.3 0.7153
1 453.6 574.8 457.7 577.6 469.2 560.6 465.1 557.8 0.6918
1 315.5 646.5 319.2 649.1 328.8 635.2 325.2 632.7 0.6428
1 528.8 636.5 532.4 639.3 539.6 629.8 536.0 627.0 0.6318
1 263.5 136.1 267.3 137.0 271.7 118.5 268.0 117.6 0.6248
1 261.0 233.8 265.4 233.1 262.2 213.9 257.8 214.6 0.6009
1 610.2 487.1 612.9 488.4 617.0 479.8 614.3 478.5 0.5743
1 245.7 241.4 250.2 240.7 247.7 223.6 243.2 224.2 0.5558
1 479.3 525.5 483.5 528.6 495.4 512.2 491.2 509.1 0.5283
1 575.1 583.1 578.2 586.1 585.8 578.3 582.7 575.3 0.4708
1 592.7 449.5 596.4 450.5 598.8 441.0 595.2 440.1 0.4616
1 458.5 303.8 461.4 305.0 464.7 297.3 461.8 296.0 0.4594
1 617.8 420.2 620.6 421.3 624.2 412.7 621.4 411.5 0.4389
1 384.0 475.3 387.2 476.4 391.8 462.8 388.6 461.7 0.4238
1 261.7 188.9 264.6 187.5 258.3 175.2 255.4 176.6 0.4055
1 331.1 584.7 334.1 586.8 342.2 575.7 339.2 573.6 0.3812
1 304.2 354.4 304.6 345.9 291.6 345.4 291.3 353.9 0.3733
1 342.8 449.5 345.9 450.8 349.5 442.2 346.4 440.9 0.3380
1 367.6 72.7 371.7 73.6 375.5 56.4 371.3 55.5 0.3049
1 274.0 93.2 276.5 93.8 279.4 82.7 276.9 82.1 0.2550
1 252.0 119.1 255.0 119.9 257.5 111.0 254.5 110.1 0.2403
1 524.7 42.7 527.2 43.6 529.7 36.5 527.2 35.6 0.2377
1 196.0 328.9 196.0 335.1 215.6 335.1 215.6 328.9 0.2312
1 488.4 289.4 490.5 291.2 495.3 285.6 493.2 283.8 0.2156
1 473.5 273.8 475.7 275.3 480.0 269.0 477.8 267.6 0.1973
1 356.7 515.2 359.3 516.5 363.0 509.0 360.4 507.7 0.1935
1 491.8 251.4 493.9 253.2 499.5 246.6 497.4 244.8 0.1925
1 254.9 286.1 257.5 288.5 263.4 282.1 260.7 279.7 0.1799
1 579.1 544.4 581.0 546.1 585.8 540.8 583.9 539.1 0.1571
1 258.4 164.8 261.2 162.9 255.2 154.3 252.4 156.3 0.1537
1 297.5 470.2 300.3 471.0 302.4 463.5 299.6 462.7 0.1509
1 630.4 193.1 631.8 195.6 637.8 192.2 636.4 189.7 0.1266
1 382.0 474.9 385.1 475.9 388.9 465.2 385.8 464.2 0.1195
1 631.2 286.0 632.0 288.1 636.9 286.3 636.2 284.2 0.1170
1 234.1 196.4 236.9 197.4 239.8 189.5 237.1 188.5 0.1070
1 259.8 133.1 263.3 134.0 267.7 116.9 264.2 116.0 0.1053
