1 486.7 443.3 491.9 445.8 503.7 421.4 498.5 418.8 0.8247
1 457.6 558.7 461.8 561.4 471.9 545.8 467.7 543.1 0.8173
1 512.6 519.9 517.2 522.4 527.0 504.4 522.4 501.9 0.8025
1 442.8 477.6 448.2 480.5 459.9 458.6 454.5 455.7 0.8016
1 334.0 624.9 338.4 626.6 345.3 608.3 340.9 606.6 0.8001
1 408.4 600.7 412.9 602.8 421.9 583.1 417.4 581.0 0.7832
1 361.6 570.3 365.5 571.4 369.7 555.7 365.7 554.6 0.7185
1 541.9 451.3 546.4 453.2 553.6 436.1 549.1 434.2 0.6579
1 715.7 153.7 718.9 157.3 732.3 145.3 729.1 141.7 0.6234
1 347.6 428.7 351.8 429.4 354.0 416.7 349.9 416.0 0.6222
1 447.4 615.5 452.0 618.3 463.0 600.4 458.4 597.6 0.5602
1 252.3 156.2 261.9 158.1 267.8 128.8 258.1 126.9 0.4641
1 686.8 312.7 689.9 314.2 696.5 300.1 693.4 298.7 0.4537
1 360.5 705.2 363.8 706.5 367.1 698.0 363.8 696.8 0.4272
1 246.7 291.8 261.7 300.6 271.6 283.6 256.6 274.8 0.4166
1 367.8 787.4 367.9 792.4 376.6 792.3 376.6 787.3 0.3536
1 255.8 247.2 261.8 247.2 261.9 198.1 255.9 198.1 0.3191
1 227.9 673.2 231.2 674.3 235.7 661.1 232.4 660.0 0.2631
1 523.6 510.4 527.3 510.4 527.4 502.4 523.6 502.3 0.2214
1 592.6 658.4 597.6 659.1 598.7 651.5 593.7 650.8 0.2105
1 574.6 41.3 578.3 42.3 581.4 29.9 577.7 29.0 0.1795
1 553.9 294.4 555.9 296.9 562.7 291.3 560.6 288.8 0.1425
