1 453.2 653.4 458.0 653.9 459.9 634.7 455.1 634.3 0.7642
1 465.6 573.1 470.0 573.0 469.8 555.8 465.4 555.9 0.7523
1 335.2 648.6 338.7 647.9 335.4 630.7 331.9 631.4 0.6778
1 542.3 467.4 547.5 468.6 551.7 450.8 546.5 449.5 0.6488
1 576.2 405.9 581.3 407.0 585.3 389.0 580.2 387.9 0.6426
1 284.6 702.9 288.5 702.5 287.0 684.9 283.1 685.2 0.6344
1 354.6 687.4 358.0 689.4 367.0 674.2 363.6 672.2 0.6139
1 278.7 620.5 281.5 619.6 277.8 608.6 275.0 609.5 0.4802
1 274.0 651.8 276.6 651.8 276.6 641.9 274.0 641.9 0.1575
1 418.2 792.3 422.4 792.0 422.1 785.7 417.8 785.9 0.1568
