1 396.1 634.2 401.7 637.2 416.6 609.4 411.0 606.4 0.7923
1 547.7 246.4 552.3 250.3 566.4 233.9 561.7 229.9 0.7447
1 353.2 116.1 357.2 117.0 361.5 98.1 357.4 97.2 0.7391
1 460.4 579.4 466.1 583.3 478.0 565.7 472.2 561.9 0.7141
1 258.7 145.1 263.2 146.0 267.2 126.0 262.7 125.1 0.6523
1 264.3 121.7 268.1 122.5 271.8 103.8 268.0 103.0 0.6323
1 284.0 774.6 287.5 776.5 296.1 761.1 292.6 759.1 0.5805
1 254.7 167.8 258.6 168.5 262.3 149.9 258.4 149.1 0.5680
1 307.4 362.3 307.6 352.8 294.0 352.4 293.7 361.9 0.5279
1 360.8 76.5 365.0 77.4 368.9 60.5 364.7 59.5 0.5136
1 260.1 243.6 264.7 242.7 261.1 223.7 256.5 224.5 0.5113
1 428.3 116.3 430.6 117.9 434.7 112.1 432.5 110.5 0.4776
1 648.3 179.1 650.1 182.4 658.7 177.8 657.0 174.6 0.4661
1 467.3 141.9 469.8 143.5 474.1 137.2 471.6 135.6 0.4575
1 423.9 257.1 426.1 258.7 431.2 251.8 428.9 250.1 0.4452
1 81.7 548.0 87.7 552.7 98.4 538.6 92.4 534.0 0.4262
1 452.3 100.1 454.5 102.1 459.0 96.9 456.8 94.9 0.3972
1 416.3 240.2 418.7 241.8 422.7 236.0 420.4 234.4 0.3591
1 412.0 139.6 414.1 141.1 418.2 135.4 416.1 133.9 0.3460
1 461.7 304.3 464.4 306.2 469.2 299.4 466.6 297.5 0.3437
1 321.5 435.3 324.0 437.4 330.2 430.3 327.7 428.1 0.3420
1 215.2 132.2 218.6 132.7 221.0 117.8 217.7 117.3 0.3216
1 538.8 260.8 541.4 261.6 543.8 254.3 541.3 253.5 0.3198
1 255.0 215.3 259.3 214.3 254.1 190.3 249.8 191.3 0.3167
1 361.6 411.4 364.1 414.2 372.0 407.5 369.5 404.7 0.3085
1 456.2 208.3 458.3 210.2 463.0 205.1 460.9 203.1 0.3033
1 622.6 415.9 626.0 417.0 628.8 408.6 625.5 407.4 0.3027
1 68.7 486.3 73.9 469.8 56.4 464.4 51.2 480.8 0.2988
1 598.5 790.3 600.6 791.6 604.4 785.6 602.3 784.2 0.2855
1 249.3 172.2 254.2 172.8 257.4 147.2 252.5 146.6 0.2841
1 351.2 462.4 353.9 464.7 360.3 457.3 357.6 454.9 0.2700
1 259.5 285.1 264.0 286.5 267.0 277.2 262.5 275.7 0.2588
1 415.7 212.0 417.5 213.6 421.3 209.1 419.5 207.6 0.2520
1 444.8 275.3 446.7 276.7 450.8 271.2 448.9 269.8 0.2501
1 549.1 384.0 551.9 384.8 553.9 377.7 551.2 376.9 0.2382
1 461.5 226.3 463.7 227.9 468.0 222.3 465.8 220.7 0.2337
1 614.1 771.9 616.0 774.0 620.9 769.4 619.0 767.4 0.2279
1 293.6 523.1 295.9 524.6 303.5 513.4 301.2 511.9 0.2241
1 -7.2 482.7 7.1 494.1 21.4 476.3 7.1 464.9 0.2198
1 481.6 210.5 483.6 212.3 488.5 206.6 486.5 204.9 0.2175
1 285.1 583.5 288.4 584.9 293.7 572.2 290.5 570.8 0.2102
1 440.6 223.3 442.5 225.0 446.9 220.0 445.1 218.3 0.2099
1 568.4 667.1 570.3 669.1 574.5 665.1 572.6 663.1 0.1906
1 529.7 26.1 531.4 28.3 536.4 24.2 534.7 22.1 0.1896
1 445.3 195.3 447.1 196.9 451.1 192.6 449.4 191.0 0.1754
1 430.5 194.1 432.6 195.8 436.9 190.7 434.8 189.0 0.1618
1 208.3 694.3 211.5 695.9 215.5 687.8 212.3 686.2 0.1534
1 627.6 286.1 628.6 288.3 634.4 285.7 633.4 283.5 0.1514
1 486.4 245.5 488.2 247.0 493.0 241.0 491.1 239.5 0.1489
1 245.9 239.8 246.0 245.1 262.6 244.7 262.5 239.5 0.1417
1 478.2 278.7 481.1 280.1 484.2 273.8 481.3 272.4 0.1412
1 616.0 482.7 619.6 484.7 624.1 476.7 620.5 474.7 0.1389
1 364.7 446.3 367.5 447.5 371.1 439.7 368.3 438.4 0.1293
1 420.7 182.5 422.5 183.9 426.3 178.7 424.5 177.3 0.1293
1 239.4 51.2 247.3 51.2 247.5 25.8 239.6 25.8 0.1223
1 346.3 103.1 349.5 103.7 350.9 96.1 347.7 95.5 0.1211
