1 523.3 463.7 525.0 468.3 544.4 460.9 542.7 456.3 0.8094
1 432.0 636.7 436.1 638.3 443.7 619.6 439.5 617.9 0.7772
1 481.4 518.7 485.4 523.3 501.0 509.5 497.0 504.9 0.7413
1 447.5 573.4 452.6 576.7 463.1 560.6 458.0 557.3 0.7369
1 540.8 253.1 543.8 257.6 559.6 247.1 556.6 242.6 0.7279
1 591.9 491.1 592.8 487.8 582.8 485.1 581.9 488.3 0.7259
1 361.9 523.4 365.3 525.8 374.6 512.3 371.2 510.0 0.6878
1 287.0 572.3 290.8 574.7 301.0 558.8 297.3 556.4 0.6392
1 619.1 500.7 619.3 503.8 627.7 503.2 627.5 500.2 0.6160
1 560.0 230.7 561.0 234.6 569.5 232.3 568.5 228.4 0.5883
1 338.5 588.7 342.1 590.6 349.6 576.1 346.0 574.2 0.4346
1 326.7 471.0 329.9 473.3 337.5 463.0 334.3 460.6 0.4210
1 305.2 355.8 306.0 346.0 291.2 344.9 290.5 354.7 0.3813
1 610.4 457.7 611.2 454.7 604.3 452.8 603.5 455.7 0.3516
1 662.7 9.5 666.4 11.1 670.6 1.9 667.0 0.2 0.3458
1 529.2 179.4 531.1 177.1 524.9 172.2 523.0 174.5 0.2801
1 338.6 590.4 341.5 590.4 341.5 583.2 338.7 583.1 0.2023
1 479.0 126.2 480.4 128.7 487.6 124.8 486.2 122.3 0.1981
1 60.4 470.2 82.6 440.8 49.7 416.0 27.5 445.5 0.1750
1 256.8 610.3 258.8 611.8 265.4 603.3 263.4 601.8 0.1673
1 437.9 277.9 438.1 274.6 431.3 274.4 431.2 277.7 0.1545
1 504.7 161.7 505.7 159.3 498.6 156.5 497.7 158.9 0.1529
1 464.4 182.4 465.3 185.4 469.6 184.1 468.8 181.1 0.1478
1 462.5 286.1 462.6 282.5 454.6 282.3 454.5 285.9 0.1431
1 504.3 121.7 505.4 124.5 513.8 121.2 512.7 118.4 0.1312
1 541.4 256.1 541.5 257.9 546.0 257.8 546.0 256.0 0.1173
1 71.4 534.4 77.3 539.5 90.1 525.0 84.2 519.9 0.1162
1 474.5 155.5 475.6 158.1 482.1 155.5 481.0 152.9 0.1003
