1 505.8 514.7 509.7 517.6 522.2 500.7 518.3 497.8 0.7871
1 470.9 553.1 474.5 556.5 489.4 540.8 485.7 537.4 0.7807
1 250.4 742.0 254.5 739.5 244.1 722.2 240.0 724.7 0.7505
1 293.8 564.6 295.4 560.8 278.7 553.9 277.1 557.7 0.7446
1 254.6 216.3 259.3 215.3 255.4 196.1 250.7 197.1 0.7231
1 553.0 230.6 557.7 228.7 550.4 210.4 545.7 212.3 0.7030
1 363.2 584.4 366.6 582.7 358.9 567.6 355.5 569.3 0.6797
1 259.6 144.9 263.7 145.8 267.6 127.7 263.5 126.8 0.6480
1 155.4 791.7 159.7 793.8 164.6 783.9 160.4 781.8 0.6400
1 59.7 482.5 65.5 485.5 72.5 472.4 66.8 469.3 0.6345
1 312.6 519.0 314.2 516.2 302.3 509.1 300.6 511.9 0.6064
1 264.3 121.6 268.1 122.2 270.6 106.7 266.8 106.1 0.5206
1 61.3 480.6 65.7 472.7 56.2 467.4 51.8 475.3 0.5135
1 585.7 629.0 589.5 631.6 595.8 622.5 592.0 619.8 0.4721
1 237.1 310.5 240.6 312.8 250.5 298.6 247.1 296.2 0.4403
1 239.5 316.5 242.8 318.8 250.7 307.6 247.4 305.3 0.4126
1 623.4 415.7 625.9 416.7 629.2 408.7 626.7 407.7 0.4126
1 81.6 547.8 85.6 551.5 96.7 539.7 92.8 536.0 0.3790
1 250.1 303.2 252.7 305.1 262.9 291.5 260.3 289.5 0.3483
1 231.1 141.1 232.0 137.3 216.3 133.6 215.4 137.4 0.3280
1 361.4 77.7 365.8 78.6 369.7 59.8 365.4 58.9 0.3232
1 219.1 114.3 222.6 115.0 225.8 99.0 222.4 98.3 0.3122
1 240.4 289.7 243.8 289.4 243.0 281.9 239.6 282.3 0.3100
1 255.7 140.7 259.4 141.6 262.9 125.6 259.2 124.8 0.2883
1 243.2 240.1 243.8 246.1 260.5 244.6 260.0 238.5 0.2855
1 248.0 299.8 250.6 301.8 261.7 286.8 259.1 284.9 0.2632
1 597.6 445.5 600.8 446.9 604.9 437.9 601.7 436.4 0.2486
1 244.1 245.2 248.7 244.2 242.6 215.2 238.0 216.2 0.2472
1 307.2 361.5 307.3 353.0 294.7 352.8 294.6 361.3 0.2441
1 -3.1 485.6 5.1 493.8 20.0 479.0 11.9 470.8 0.2397
1 551.5 550.9 553.5 550.1 550.6 542.3 548.6 543.0 0.2290
1 399.8 638.6 402.3 638.9 403.3 628.4 400.8 628.2 0.2288
1 316.1 461.9 318.5 461.0 315.5 453.5 313.1 454.4 0.1967
1 260.5 286.2 263.3 287.2 266.4 279.0 263.6 277.9 0.1632
1 238.2 280.6 240.7 279.0 236.3 272.2 233.8 273.9 0.1397
1 618.1 482.5 621.1 483.8 624.5 476.0 621.4 474.7 0.1219
1 64.4 485.7 68.3 487.7 74.3 476.6 70.4 474.6 0.1044
