1 332.7 564.9 336.9 566.0 341.8 548.4 337.7 547.2 0.7522
1 541.5 454.7 546.0 456.8 554.5 438.6 550.0 436.5 0.7354
1 494.7 500.2 499.3 502.6 509.0 483.8 504.4 481.4 0.7250
1 564.2 396.8 568.5 398.5 575.2 382.0 571.0 380.2 0.7122
1 601.9 592.8 607.0 593.6 609.5 579.1 604.4 578.2 0.7065
1 321.1 631.9 324.6 632.9 329.1 616.8 325.6 615.8 0.6870
1 592.2 524.1 596.0 525.2 599.5 513.0 595.7 511.9 0.6149
1 348.5 406.1 351.2 406.4 352.2 396.9 349.5 396.6 0.5795
1 486.9 305.5 489.4 306.7 493.3 298.8 490.9 297.6 0.5681
1 678.7 636.6 681.3 636.9 682.2 628.9 679.6 628.6 0.5040
1 598.6 645.4 601.0 647.9 608.5 640.6 606.1 638.2 0.4982
1 511.2 285.6 513.5 286.5 516.5 278.4 514.2 277.5 0.4895
1 340.0 383.0 340.2 386.8 353.1 386.4 353.0 382.6 0.4616
1 480.5 276.3 483.2 276.4 483.6 269.2 480.9 269.0 0.4614
1 460.7 251.9 463.4 251.7 462.9 244.6 460.2 244.9 0.4406
1 622.3 442.6 625.1 444.9 631.6 437.0 628.7 434.7 0.4379
1 507.7 244.7 510.5 244.2 509.0 236.8 506.3 237.3 0.4274
1 304.5 354.5 305.0 346.1 292.1 345.2 291.5 353.7 0.4265
1 414.6 259.4 417.1 260.1 419.3 252.4 416.8 251.7 0.4158
1 659.1 197.8 660.5 201.2 667.3 198.5 666.0 195.1 0.3866
1 437.8 189.9 440.1 190.1 440.6 182.8 438.4 182.6 0.3465
1 499.4 30.4 502.1 30.3 502.0 23.5 499.3 23.6 0.3215
1 441.6 264.3 444.1 264.8 445.5 257.4 443.0 256.9 0.2965
1 434.8 249.5 437.3 249.6 437.5 242.7 435.0 242.7 0.2869
1 498.8 53.0 502.9 54.7 505.0 49.8 500.9 48.1 0.2751
1 499.8 113.9 502.3 113.4 501.1 107.2 498.6 107.7 0.2598
1 261.1 230.0 264.6 229.5 262.5 212.1 258.9 212.5 0.2508
1 435.7 212.5 438.6 212.2 437.7 204.5 434.8 204.9 0.2447
1 454.8 222.4 457.5 222.8 458.6 215.2 455.8 214.8 0.2143
1 478.5 244.1 480.9 244.3 481.6 236.5 479.2 236.3 0.2085
1 505.4 167.6 508.2 166.7 506.2 159.9 503.3 160.7 0.2074
1 445.8 235.2 448.4 235.1 448.1 227.4 445.6 227.5 0.2063
1 265.0 127.6 269.4 128.8 277.5 98.7 273.0 97.5 0.2037
1 479.9 207.4 482.2 206.6 479.6 199.4 477.3 200.2 0.1998
1 456.1 282.5 458.6 283.6 461.8 276.5 459.2 275.4 0.1550
1 402.6 167.1 405.5 166.2 403.1 158.5 400.2 159.4 0.1509
1 458.4 35.8 461.3 35.8 461.5 27.5 458.6 27.5 0.1459
1 219.6 122.4 221.8 123.1 224.8 114.4 222.7 113.7 0.1291
1 72.9 532.5 76.9 536.4 88.5 524.7 84.5 520.7 0.1136
1 561.9 300.3 563.3 297.7 557.2 294.4 555.8 297.0 0.1108
1 249.9 287.1 252.6 289.4 262.8 277.5 260.1 275.2 0.1034
