1 519.0 478.2 523.1 481.2 535.5 464.6 531.5 461.6 0.7186
1 484.1 525.4 488.7 528.1 499.9 509.3 495.4 506.6 0.7031
1 470.4 583.7 474.8 586.0 483.8 568.4 479.3 566.1 0.6890
1 360.1 548.6 365.7 550.8 373.4 531.1 367.8 528.9 0.6712
1 434.4 694.0 438.0 693.4 436.5 684.5 433.0 685.1 0.6696
1 670.9 328.2 672.5 330.1 680.7 323.0 679.0 321.1 0.5902
1 524.3 243.7 528.8 247.5 541.6 232.4 537.0 228.6 0.5570
1 540.7 697.7 544.3 700.2 551.6 690.1 548.0 687.5 0.5478
1 225.4 758.8 231.5 762.2 242.2 743.1 236.1 739.7 0.5231
1 322.4 432.6 326.0 433.2 327.9 421.9 324.2 421.3 0.4875
1 354.8 111.7 358.1 112.4 361.9 95.3 358.6 94.5 0.4639
1 700.7 170.9 704.2 174.2 715.2 162.2 711.7 158.9 0.4632
1 469.0 703.3 473.1 704.4 476.2 693.6 472.1 692.4 0.4560
1 307.4 361.6 307.5 352.5 294.5 352.3 294.4 361.4 0.4305
1 500.2 742.6 505.4 744.4 509.2 734.2 504.0 732.3 0.4044
1 417.6 791.9 422.5 791.9 422.4 786.9 417.5 786.9 0.3726
1 255.5 187.4 259.3 187.9 262.1 169.2 258.3 168.7 0.3657
1 244.7 248.3 248.8 247.6 245.9 230.2 241.7 230.9 0.3401
1 477.0 188.7 479.8 190.2 484.1 181.7 481.2 180.3 0.3082
1 82.1 547.7 87.9 551.9 97.9 538.0 92.1 533.9 0.3010
1 259.5 239.3 263.5 238.5 260.1 221.6 256.1 222.4 0.2966
1 586.0 266.4 586.8 269.2 593.3 267.4 592.5 264.6 0.2739
1 493.9 300.0 496.4 301.8 501.8 294.4 499.3 292.6 0.2345
1 454.8 195.7 457.3 197.1 461.2 189.9 458.6 188.5 0.2111
1 673.4 213.8 674.4 216.2 679.6 214.0 678.6 211.6 0.1986
1 248.0 296.9 251.9 300.0 265.8 282.7 261.9 279.6 0.1852
1 260.1 140.9 263.7 141.7 267.2 124.8 263.7 124.1 0.1743
1 302.1 465.5 305.4 465.9 306.6 456.0 303.3 455.6 0.1484
1 418.2 200.6 420.0 202.4 426.1 196.5 424.3 194.7 0.1478
1 463.3 298.4 465.9 300.6 471.2 294.2 468.5 292.0 0.1462
1 515.7 67.5 517.5 69.3 522.6 63.8 520.8 62.1 0.1327
1 237.4 308.5 240.2 310.8 245.1 304.7 242.3 302.4 0.1198
1 358.5 687.1 360.4 685.7 358.2 682.7 356.2 684.2 0.1174
1 324.7 382.4 327.4 382.5 327.7 375.7 325.0 375.5 0.1123
1 255.7 243.8 260.9 242.7 256.1 221.3 250.9 222.4 0.1115
1 255.4 215.8 259.7 214.8 254.6 192.6 250.4 193.6 0.1099
1 264.0 122.9 268.2 123.9 272.8 104.6 268.6 103.6 0.1073
1 444.0 261.8 446.1 264.3 451.8 259.5 449.7 256.9 0.1033
