1 330.0 704.3 334.8 706.7 346.1 684.3 341.3 681.9 0.7989
1 259.2 241.1 264.2 240.2 260.3 218.1 255.4 218.9 0.7819
1 442.4 640.2 445.0 635.4 427.5 626.0 424.9 630.9 0.7540
1 458.5 577.2 458.5 570.2 438.1 570.1 438.1 577.1 0.6843
1 564.1 404.0 568.5 403.1 565.0 387.3 560.6 388.3 0.6160
1 310.5 518.4 311.3 514.3 298.0 511.7 297.2 515.7 0.5586
1 519.0 612.0 524.4 610.3 519.4 594.0 514.1 595.6 0.5486
1 210.1 686.7 210.9 690.0 223.6 686.9 222.8 683.6 0.5226
1 633.7 622.0 635.0 625.8 644.7 622.5 643.4 618.7 0.5090
1 505.6 518.7 510.8 517.4 506.3 498.8 501.1 500.0 0.5038
1 616.7 531.4 618.6 535.5 628.1 531.1 626.2 527.0 0.4659
1 565.8 667.9 569.3 668.8 572.1 657.2 568.5 656.3 0.4396
1 561.7 568.1 565.4 567.7 563.4 550.3 559.6 550.7 0.4380
1 514.3 593.7 514.3 597.6 522.9 597.6 522.9 593.7 0.3627
1 384.7 483.5 388.7 485.7 398.2 469.3 394.2 467.0 0.3584
1 255.8 161.7 267.0 161.7 267.1 129.9 255.9 129.9 0.2670
1 255.8 244.4 259.9 243.9 257.4 223.6 253.3 224.1 0.2384
1 206.8 749.9 208.5 745.4 195.8 740.5 194.0 745.1 0.2113
1 519.1 80.1 522.0 79.4 519.9 71.2 517.0 72.0 0.2047
1 521.3 384.1 521.4 387.1 528.8 386.8 528.7 383.8 0.1837
1 614.7 433.7 617.4 433.7 617.4 426.0 614.7 426.0 0.1684
1 341.1 401.6 342.8 398.6 338.1 395.8 336.4 398.8 0.1575
1 200.2 274.6 203.6 279.7 222.0 267.4 218.6 262.3 0.1549
1 514.1 36.3 516.2 34.9 512.3 29.1 510.2 30.6 0.1383
1 523.5 194.5 526.5 194.5 526.6 186.8 523.6 186.8 0.1370
1 194.6 269.4 197.5 273.6 221.4 257.7 218.6 253.5 0.1254
1 80.6 547.7 86.1 552.5 97.8 538.9 92.3 534.1 0.1225
1 338.2 481.4 340.1 477.7 329.9 472.3 328.0 476.0 0.1092
