1 512.7 445.6 516.8 448.5 527.7 433.2 523.6 430.3 0.7612
1 469.6 554.2 473.8 556.4 482.7 539.6 478.5 537.3 0.7555
1 520.7 620.5 524.1 622.9 535.9 605.8 532.4 603.5 0.7431
1 385.6 648.4 389.4 650.3 397.7 633.3 393.9 631.5 0.7374
1 560.0 399.4 563.0 401.7 573.2 387.9 570.2 385.7 0.7083
1 -1.5 488.1 15.0 489.0 15.9 472.2 -0.6 471.3 0.7042
1 446.8 628.4 451.1 629.6 456.1 611.4 451.8 610.2 0.6304
1 186.9 751.9 189.5 753.4 195.7 743.0 193.2 741.4 0.6282
1 507.7 498.5 511.9 501.6 524.0 485.6 519.9 482.4 0.6281
1 338.6 451.9 340.8 452.9 344.9 443.8 342.6 442.8 0.6042
1 216.1 639.8 218.6 640.2 220.4 629.5 217.9 629.1 0.5409
1 655.3 615.1 657.4 616.2 661.1 609.0 659.0 607.9 0.5338
1 353.8 414.1 356.7 416.1 366.2 402.6 363.3 400.6 0.5316
1 603.9 653.4 607.1 655.1 611.9 646.3 608.7 644.6 0.5195
1 601.4 442.8 603.3 443.4 605.6 436.6 603.7 436.0 0.4448
1 551.6 747.6 554.4 746.5 551.1 738.0 548.3 739.1 0.4430
1 704.8 165.2 706.4 167.1 716.6 158.8 715.0 156.9 0.4413
1 515.7 735.1 518.5 736.3 522.2 727.1 519.4 726.0 0.4391
1 70.2 487.2 76.4 470.0 58.2 463.5 52.0 480.7 0.4030
1 388.0 472.4 390.7 474.5 399.7 462.8 397.0 460.7 0.3815
1 318.0 505.0 320.0 506.1 323.7 499.7 321.6 498.5 0.3699
1 596.1 540.8 599.7 543.0 606.7 531.4 603.1 529.2 0.3631
1 482.9 282.9 485.2 283.7 488.0 275.9 485.7 275.1 0.3597
1 422.3 792.2 422.5 787.4 417.5 787.1 417.2 791.9 0.3329
1 242.0 239.7 242.3 252.4 261.3 251.9 260.9 239.2 0.3242
1 233.1 311.6 240.4 318.9 269.2 290.4 262.0 283.1 0.3041
1 284.9 573.7 287.8 574.3 290.1 563.2 287.2 562.6 0.2839
1 478.1 251.9 480.1 252.8 483.2 245.8 481.1 244.9 0.2794
1 334.6 569.9 338.6 572.2 346.9 558.1 342.9 555.8 0.2688
1 81.7 547.7 85.9 551.5 97.0 539.3 92.8 535.5 0.2487
1 565.7 631.5 567.9 634.3 575.8 628.1 573.7 625.3 0.2343
1 597.4 566.3 599.3 567.7 604.0 561.4 602.0 560.0 0.2342
1 346.5 560.0 346.5 556.6 340.5 556.6 340.5 560.0 0.2178
1 495.0 242.6 496.7 244.2 500.5 240.2 498.8 238.6 0.2066
1 569.2 6.8 571.3 7.9 575.1 0.2 573.0 -0.8 0.2007
1 456.5 298.4 459.0 299.2 461.6 291.3 459.1 290.5 0.1784
1 566.3 254.8 567.8 257.1 574.3 252.8 572.8 250.5 0.1604
1 399.7 407.5 402.1 408.9 405.5 403.2 403.2 401.8 0.1561
1 419.6 248.9 421.7 249.4 423.6 242.2 421.5 241.7 0.1495
1 452.1 634.0 454.5 634.2 455.1 625.5 452.8 625.4 0.1330
