1 270.6 766.1 274.1 762.6 260.0 748.5 256.5 752.0 0.7653
1 478.8 547.7 483.4 548.9 488.2 530.6 483.6 529.4 0.7431
1 517.7 512.0 522.6 513.8 529.4 495.4 524.5 493.6 0.7243
1 569.5 506.0 574.5 507.0 578.3 488.1 573.3 487.1 0.7212
1 264.4 121.7 268.4 122.5 272.3 103.1 268.2 102.3 0.7130
1 533.7 462.8 539.1 464.5 545.6 443.4 540.2 441.7 0.7113
1 386.7 469.0 389.5 472.4 404.3 460.1 401.4 456.6 0.6891
1 260.1 144.5 263.9 145.2 267.7 126.0 263.8 125.2 0.6760
1 217.6 702.2 223.1 702.5 224.3 685.5 218.8 685.1 0.6057
1 550.6 232.0 555.1 233.0 559.5 212.9 555.0 211.9 0.5763
1 244.4 246.5 248.7 245.7 245.8 229.7 241.4 230.5 0.5165
1 247.6 297.4 251.6 300.5 261.2 288.1 257.2 285.0 0.4666
1 235.3 310.6 239.9 314.5 251.7 300.6 247.0 296.6 0.4357
1 314.9 473.2 317.9 472.9 316.9 461.7 313.9 462.0 0.4078
1 70.2 485.0 72.1 469.0 53.6 466.7 51.7 482.7 0.3817
1 333.5 583.0 335.5 580.3 324.1 571.9 322.1 574.6 0.3673
1 273.0 631.4 276.6 630.6 274.5 620.5 270.9 621.3 0.3305
1 346.1 481.8 348.9 482.6 351.9 473.3 349.1 472.4 0.3228
1 256.5 139.0 260.2 139.7 263.1 125.4 259.4 124.7 0.3222
1 242.7 241.6 244.5 246.4 251.4 243.8 249.7 239.0 0.3190
1 244.6 240.7 245.4 246.0 261.3 243.4 260.5 238.1 0.3183
1 697.4 319.3 700.1 320.2 703.2 311.3 700.6 310.3 0.2911
1 307.6 362.1 307.8 353.4 294.4 353.1 294.2 361.8 0.2145
1 327.0 447.0 329.7 445.1 323.9 436.5 321.1 438.4 0.2044
1 240.0 136.5 242.8 136.5 242.8 130.2 240.0 130.2 0.1822
1 207.9 776.9 210.1 779.2 217.4 772.5 215.3 770.2 0.1770
1 81.5 548.3 87.0 552.4 97.7 538.1 92.2 534.0 0.1755
1 482.8 245.6 485.0 246.9 488.9 240.5 486.7 239.2 0.1686
1 111.8 791.4 114.4 792.6 117.7 785.2 115.1 784.0 0.1589
1 144.3 780.0 147.2 781.2 150.5 773.2 147.6 772.0 0.1544
1 236.4 319.6 239.4 322.0 252.0 306.3 249.1 303.9 0.1469
1 198.9 273.9 200.3 277.2 216.4 269.9 214.9 266.6 0.1466
1 417.4 791.9 422.4 791.9 422.4 786.6 417.4 786.5 0.1354
1 574.7 619.3 578.3 619.1 577.8 610.1 574.2 610.3 0.1340
1 555.5 679.5 557.7 680.0 559.4 673.5 557.2 673.0 0.1241
1 439.6 257.3 442.1 258.8 445.9 252.4 443.4 250.9 0.1191
1 255.8 295.4 258.6 297.5 264.5 289.9 261.8 287.7 0.1123
1 472.6 128.9 474.7 129.8 477.8 122.5 475.7 121.5 0.1086
1 249.2 172.1 255.7 173.0 262.1 125.6 255.6 124.7 0.1060
1 272.3 87.9 275.0 88.4 277.5 75.3 274.8 74.8 0.1046
