1 454.5 552.3 456.3 547.6 436.8 540.0 435.0 544.7 0.7745
1 558.8 389.6 560.5 385.8 544.4 378.3 542.6 382.0 0.7683
1 269.7 112.4 273.3 113.2 277.4 95.3 273.8 94.4 0.7507
1 260.9 231.9 265.1 231.2 262.1 212.5 257.8 213.2 0.7496
1 258.1 159.9 262.8 161.0 267.2 141.6 262.5 140.6 0.7427
1 358.0 111.5 363.0 112.7 368.7 89.4 363.7 88.2 0.7379
1 492.9 506.3 497.0 503.0 484.5 487.2 480.3 490.5 0.7375
1 265.1 132.7 269.0 133.5 273.0 115.3 269.0 114.4 0.7316
1 716.9 173.6 720.7 172.9 718.0 157.0 714.2 157.7 0.7300
1 299.8 626.1 301.2 630.1 315.2 625.2 313.9 621.2 0.7265
1 531.0 451.5 535.1 448.8 524.3 432.4 520.2 435.1 0.7092
1 424.4 630.7 427.3 627.7 413.8 614.5 410.9 617.5 0.7079
1 320.3 577.9 321.3 581.5 336.7 577.0 335.7 573.4 0.6988
1 257.0 207.8 260.7 207.2 257.6 188.3 253.8 188.9 0.6946
1 545.5 235.9 549.0 234.6 542.4 217.1 538.9 218.4 0.6743
1 621.8 416.3 623.5 418.5 630.9 413.0 629.2 410.7 0.6685
1 240.6 295.2 243.8 297.6 253.6 285.1 250.5 282.6 0.6526
1 598.9 465.2 601.1 467.4 608.5 460.2 606.3 457.9 0.6331
1 262.6 558.1 262.6 560.5 272.0 560.3 272.0 558.0 0.6322
1 317.6 469.5 318.7 467.1 310.5 463.4 309.4 465.8 0.5084
1 293.5 299.6 294.2 296.9 284.1 294.4 283.4 297.1 0.4189
1 495.1 289.1 496.6 286.8 488.5 281.8 487.1 284.0 0.4044
1 514.8 642.1 517.1 642.0 516.7 633.6 514.4 633.7 0.3956
1 409.6 409.9 411.9 408.9 407.4 399.3 405.2 400.3 0.3749
1 257.9 61.4 261.0 62.1 264.4 48.9 261.2 48.1 0.3521
1 247.6 641.2 248.0 644.0 258.2 642.3 257.8 639.5 0.3001
1 235.0 131.7 235.8 128.4 224.1 125.7 223.3 128.9 0.2955
1 307.5 506.3 308.1 503.8 299.1 501.5 298.5 504.1 0.2739
1 214.7 334.3 214.7 328.8 198.4 328.8 198.3 334.3 0.2611
1 290.5 12.3 293.9 12.1 293.2 0.8 289.8 1.1 0.2604
1 567.4 422.2 569.2 422.5 570.0 416.8 568.2 416.6 0.2492
1 645.0 245.7 645.4 247.8 653.2 246.2 652.8 244.1 0.2324
1 253.3 280.7 255.3 282.6 260.0 277.5 258.0 275.7 0.2253
1 240.0 303.4 242.4 305.3 249.2 296.8 246.9 294.9 0.2242
1 371.6 632.9 373.7 633.7 377.5 624.3 375.5 623.5 0.2079
1 217.9 315.0 220.1 314.1 217.6 307.8 215.5 308.6 0.2076
1 244.6 225.7 247.6 225.2 245.8 215.0 242.8 215.5 0.1997
1 213.0 285.2 214.3 288.1 229.4 280.9 228.0 278.1 0.1994
1 431.5 218.8 433.2 216.7 427.2 211.7 425.5 213.7 0.1915
1 620.8 291.3 622.4 293.0 627.8 288.1 626.1 286.3 0.1784
1 412.6 415.3 414.4 414.4 411.1 408.2 409.4 409.1 0.1752
1 557.0 638.0 559.6 637.6 558.8 631.3 556.2 631.6 0.1462
1 456.8 101.6 457.0 99.0 449.7 98.6 449.5 101.2 0.1413
1 492.5 200.1 494.9 197.8 488.7 191.3 486.3 193.6 0.1379
1 440.4 128.5 440.9 125.8 433.7 124.7 433.3 127.3 0.1304
1 195.7 259.1 198.0 264.4 222.7 253.4 220.4 248.2 0.1166
1 -8.7 466.2 5.4 474.1 14.4 457.8 0.4 450.0 0.1124
1 505.8 107.6 507.0 105.3 500.0 101.9 498.9 104.2 0.1038
1 438.4 77.1 438.7 79.6 445.7 78.7 445.3 76.2 0.1004
