1 509.7 493.8 514.0 496.2 523.9 478.7 519.6 476.3 0.8018
1 463.0 625.5 467.4 627.6 475.4 610.5 471.0 608.4 0.7928
1 469.0 552.6 472.8 554.4 481.9 535.6 478.1 533.7 0.7516
1 544.6 224.5 547.2 226.4 556.4 214.2 553.8 212.3 0.6197
1 703.9 156.9 706.2 159.9 715.9 152.2 713.6 149.2 0.5814
1 429.5 307.8 431.5 303.2 410.8 294.1 408.8 298.7 0.4405
1 564.7 378.5 567.9 381.5 579.3 369.0 576.1 366.1 0.3209
1 283.8 575.4 290.8 578.5 297.9 562.6 291.0 559.5 0.3177
1 512.9 281.9 516.6 283.6 523.3 269.6 519.6 267.8 0.1811
1 511.7 259.0 515.0 259.1 515.3 251.4 511.9 251.3 0.1770
1 570.9 516.0 573.7 517.1 577.2 508.7 574.4 507.5 0.1752
1 563.6 666.5 567.6 667.3 569.8 655.6 565.8 654.9 0.1284
1 228.2 160.7 231.3 158.3 223.7 148.4 220.5 150.8 0.1256
1 227.1 144.5 229.1 143.1 226.4 139.3 224.5 140.7 0.1249
1 561.4 395.6 564.0 399.2 576.4 390.2 573.8 386.6 0.1234
1 590.1 215.0 591.8 217.1 598.4 211.6 596.7 209.5 0.1117
