1 453.8 586.4 458.3 588.8 467.8 571.0 463.3 568.6 0.7722
1 491.5 525.8 494.8 529.4 509.5 515.6 506.2 512.1 0.7427
1 320.0 651.7 324.2 653.4 331.3 635.6 327.1 633.9 0.7320
1 512.3 471.0 515.2 475.0 530.8 463.7 528.0 459.7 0.7317
1 274.7 580.5 277.7 582.3 285.0 570.4 282.1 568.6 0.7163
1 552.9 407.5 555.2 412.3 572.1 404.1 569.8 399.3 0.7109
1 460.1 641.8 463.9 642.9 469.2 624.4 465.3 623.3 0.6703
1 342.2 582.2 344.5 583.3 349.2 573.5 347.0 572.4 0.6527
1 -3.1 489.7 17.4 489.7 17.4 469.2 -3.1 469.2 0.4731
1 591.0 456.0 593.2 457.0 596.7 449.7 594.5 448.7 0.4674
1 247.4 250.5 263.3 247.7 243.5 137.0 227.6 139.8 0.3947
1 341.7 459.8 343.8 461.7 349.8 455.1 347.7 453.2 0.3918
1 248.5 297.0 251.9 300.0 263.7 286.8 260.2 283.7 0.3896
1 308.0 529.6 310.5 531.2 315.0 524.3 312.6 522.7 0.2744
1 517.8 474.8 517.9 472.0 512.7 471.9 512.6 474.7 0.2586
1 244.7 239.4 245.0 250.3 261.7 249.8 261.3 238.9 0.2534
1 422.1 793.2 423.8 788.8 419.2 787.0 417.5 791.4 0.2526
1 606.8 775.1 609.0 774.4 606.7 766.8 604.5 767.5 0.2461
1 252.6 299.7 256.7 303.4 267.5 291.4 263.4 287.7 0.2419
1 308.0 362.6 308.0 352.5 294.3 352.5 294.3 362.6 0.2381
1 70.4 486.9 76.6 469.4 58.5 462.9 52.3 480.5 0.2224
1 575.6 509.8 575.6 512.4 583.7 512.3 583.6 509.7 0.2198
1 639.9 265.5 641.5 267.9 652.3 260.8 650.7 258.3 0.1976
1 243.2 750.5 245.3 751.1 247.6 743.2 245.5 742.6 0.1799
1 303.2 487.5 305.3 486.3 301.2 479.4 299.1 480.6 0.1513
1 448.4 282.4 450.5 283.8 454.9 277.2 452.8 275.7 0.1477
1 81.9 548.1 87.5 552.5 98.7 538.4 93.0 533.9 0.1431
1 237.1 316.2 240.1 319.1 248.9 309.7 245.9 306.8 0.1423
1 475.4 266.8 477.9 267.9 482.0 259.3 479.5 258.1 0.1411
1 233.8 311.3 239.0 316.2 266.1 287.9 261.0 283.0 0.1361
1 627.4 221.5 628.2 224.3 634.9 222.5 634.1 219.6 0.1163
1 281.8 375.9 282.5 373.2 276.7 371.7 276.0 374.3 0.1077
