1 552.7 444.0 556.7 444.9 560.7 426.1 556.6 425.3 0.7844
1 492.0 409.6 497.1 412.6 512.7 385.7 507.6 382.7 0.7827
1 482.9 582.0 486.8 584.5 497.2 568.6 493.4 566.1 0.7052
1 275.4 691.3 278.9 693.5 288.2 678.2 284.8 676.1 0.6706
1 292.5 536.5 296.0 538.4 302.6 526.3 299.1 524.4 0.5486
1 349.1 786.7 353.1 790.3 366.9 775.0 362.9 771.4 0.4585
1 228.2 315.5 232.3 319.0 247.3 301.5 243.2 298.0 0.4436
1 239.8 746.8 243.2 749.7 255.9 734.6 252.4 731.7 0.4219
1 250.1 301.2 253.7 304.2 265.3 290.2 261.7 287.2 0.3784
1 83.5 549.2 87.9 552.8 97.2 541.3 92.9 537.7 0.3680
1 541.2 236.6 545.8 238.3 552.0 222.5 547.4 220.7 0.3238
1 81.5 548.0 85.3 551.1 96.2 537.9 92.4 534.8 0.3109
1 446.9 630.6 451.4 632.9 459.2 617.5 454.7 615.2 0.2240
1 198.1 274.2 200.5 278.8 223.0 267.3 220.6 262.7 0.1973
1 229.4 139.8 230.0 136.0 217.0 133.9 216.4 137.7 0.1940
1 271.3 606.4 274.1 607.9 279.8 597.5 277.0 596.0 0.1932
1 254.1 168.5 258.4 169.2 261.4 151.9 257.1 151.1 0.1630
1 273.1 633.7 276.1 635.5 281.7 626.0 278.7 624.2 0.1184
1 649.3 198.0 650.4 200.3 656.1 197.6 655.0 195.4 0.1153
1 604.1 389.3 606.8 391.3 611.7 384.3 609.1 382.4 0.1142
1 524.9 168.9 527.4 169.4 529.2 161.5 526.7 160.9 0.1067
