1 548.6 251.4 552.7 255.2 566.8 239.7 562.6 235.9 0.7751
1 447.7 577.6 451.8 581.4 466.2 565.7 462.1 561.9 0.7666
1 257.1 208.3 261.2 207.6 257.7 187.9 253.6 188.6 0.7210
1 493.4 522.6 497.6 525.9 509.9 510.4 505.7 507.1 0.7127
1 356.6 530.0 360.8 533.1 373.7 515.4 369.5 512.3 0.6717
1 261.0 234.4 265.9 233.6 262.5 210.5 257.5 211.2 0.6618
1 661.3 237.3 663.2 241.1 679.0 233.4 677.1 229.5 0.6449
1 479.5 577.2 482.5 576.5 480.1 566.4 477.1 567.1 0.5109
1 556.0 407.1 559.3 409.9 569.3 398.0 566.0 395.2 0.4808
1 239.5 297.3 242.7 300.0 253.6 287.3 250.4 284.6 0.4702
1 363.1 644.2 366.3 645.4 371.7 631.1 368.4 629.9 0.4658
1 288.7 288.1 290.2 284.3 278.4 279.6 276.9 283.5 0.4076
1 245.6 296.9 248.2 299.2 256.0 290.4 253.3 288.1 0.4043
1 515.8 469.4 518.6 474.1 536.2 463.5 533.4 458.8 0.3091
1 247.2 237.9 250.7 237.2 247.8 223.1 244.3 223.8 0.2496
1 215.8 333.9 215.8 328.8 198.5 328.7 198.5 333.9 0.2204
1 426.7 276.7 430.0 276.9 430.5 268.0 427.1 267.9 0.1621
1 617.6 242.8 618.6 245.1 625.3 242.3 624.3 240.0 0.1477
1 255.1 234.2 260.4 233.3 256.0 205.6 250.7 206.4 0.1361
1 557.0 640.2 558.4 642.5 565.2 638.3 563.8 636.1 0.1253
1 323.2 441.9 326.0 443.2 330.3 434.3 327.5 432.9 0.1191
1 266.5 568.9 268.4 570.2 274.2 561.9 272.3 560.5 0.1184
1 72.9 532.9 78.0 537.2 89.2 524.0 84.0 519.7 0.1001
