1 307.6 742.4 312.0 744.4 320.2 726.1 315.8 724.2 0.8047
1 332.5 643.6 336.6 645.0 341.9 629.2 337.8 627.9 0.7362
1 219.2 674.6 222.4 675.8 226.9 663.1 223.7 662.0 0.6789
1 544.3 394.7 548.1 397.7 560.7 382.0 556.9 378.9 0.6743
1 349.5 573.7 353.8 575.0 358.2 559.8 353.9 558.5 0.6246
1 260.2 244.7 264.7 243.8 260.3 222.0 255.9 222.9 0.6240
1 203.9 273.9 206.1 278.5 221.0 271.5 218.8 266.9 0.5310
1 298.9 549.1 302.3 549.4 303.9 533.1 300.6 532.8 0.4758
1 519.3 522.6 524.9 524.0 527.7 512.7 522.1 511.3 0.4555
1 211.6 261.5 213.4 264.2 224.2 256.9 222.4 254.3 0.4375
1 341.4 468.2 345.8 468.1 345.5 455.4 341.1 455.5 0.4156
1 468.0 630.4 473.3 633.7 484.0 616.2 478.7 613.0 0.4138
1 236.3 312.9 239.3 315.2 247.7 304.7 244.8 302.3 0.3680
1 501.0 471.8 503.7 466.7 498.5 464.0 495.8 469.1 0.3582
1 255.8 247.9 260.3 247.9 260.4 226.1 255.8 226.1 0.3508
1 308.0 494.4 311.2 494.6 311.8 484.2 308.6 484.1 0.3423
1 486.8 477.5 490.7 481.0 504.2 466.0 500.3 462.5 0.3160
1 252.7 297.7 256.7 301.7 265.9 292.7 261.9 288.6 0.3143
1 378.7 36.4 383.7 36.6 384.3 21.9 379.3 21.8 0.2851
1 255.9 218.9 259.7 218.1 255.3 197.6 251.5 198.4 0.2730
1 341.1 273.3 342.2 269.9 332.1 266.8 331.1 270.1 0.2487
1 389.7 507.9 393.8 508.1 394.2 494.5 390.1 494.4 0.2096
1 565.6 668.8 570.1 669.8 572.7 657.7 568.1 656.7 0.2094
1 241.9 238.1 246.6 237.3 242.9 217.1 238.2 218.0 0.2029
1 365.3 417.9 369.6 418.0 369.9 404.9 365.6 404.8 0.1775
1 593.1 474.7 597.6 474.8 597.8 466.4 593.3 466.3 0.1608
1 194.7 741.4 198.9 744.0 205.9 732.3 201.7 729.8 0.1498
1 251.0 288.8 257.4 294.4 267.9 282.4 261.5 276.8 0.1391
1 80.7 548.9 86.3 553.5 97.5 539.6 91.9 535.0 0.1390
1 276.4 551.3 279.1 550.5 276.4 541.9 273.7 542.8 0.1364
1 232.1 324.3 235.7 327.3 251.1 309.3 247.5 306.2 0.1252
1 156.8 764.1 159.1 765.1 161.6 759.7 159.2 758.6 0.1223
1 255.8 161.6 266.4 161.6 266.6 129.9 256.0 129.8 0.1008
