1 370.3 634.9 375.5 637.9 391.0 610.9 385.8 607.9 0.8091
1 487.4 525.9 491.8 528.9 503.7 511.9 499.3 508.8 0.7821
1 441.0 648.5 445.6 650.9 455.1 633.0 450.5 630.6 0.7720
1 457.6 583.7 462.2 586.0 471.0 568.6 466.4 566.3 0.7515
1 320.2 660.7 324.3 663.1 334.2 646.0 330.0 643.6 0.7461
1 273.1 597.7 276.8 600.1 285.0 587.4 281.2 584.9 0.7359
1 490.4 565.9 493.6 564.8 490.9 557.0 487.7 558.1 0.7269
1 368.5 524.6 372.3 527.3 381.9 513.6 378.1 511.0 0.7130
1 526.3 702.2 528.8 701.6 526.8 693.8 524.3 694.4 0.6744
1 342.1 591.3 346.5 593.5 353.1 580.2 348.7 578.0 0.6713
1 536.6 256.9 540.0 261.3 555.5 249.2 552.2 244.8 0.6331
1 534.6 462.1 539.2 465.5 551.8 448.4 547.2 445.0 0.6158
1 550.8 405.8 554.6 409.5 566.1 397.8 562.3 394.1 0.5955
1 310.2 524.5 312.6 526.1 317.1 519.5 314.7 517.9 0.4743
1 708.8 169.5 710.4 173.3 721.9 168.5 720.3 164.7 0.4704
1 590.1 452.7 592.1 454.9 598.2 449.4 596.2 447.2 0.4150
1 307.6 362.9 308.0 352.9 294.8 352.4 294.5 362.5 0.3890
1 634.7 536.6 636.7 538.1 642.0 531.5 640.0 530.0 0.3294
1 -11.0 482.3 4.0 497.8 23.1 479.4 8.2 463.9 0.3257
1 628.5 791.6 630.8 793.3 634.7 788.0 632.4 786.3 0.2914
1 72.5 486.4 75.4 468.3 55.2 465.1 52.3 483.2 0.2775
1 564.3 785.6 566.2 786.7 570.6 779.4 568.8 778.3 0.2680
1 81.7 549.2 87.3 553.6 99.2 538.2 93.6 533.9 0.2234
1 418.2 791.8 422.6 793.0 423.9 788.4 419.4 787.2 0.2032
1 509.8 115.0 511.9 116.6 517.1 110.0 515.0 108.4 0.1947
1 584.2 267.0 585.4 269.1 590.0 266.3 588.7 264.3 0.1840
1 579.2 146.8 580.9 148.7 587.0 143.3 585.3 141.4 0.1816
1 344.5 462.5 347.1 463.5 350.6 454.7 348.0 453.7 0.1747
1 569.2 14.3 571.1 15.6 575.2 9.6 573.3 8.3 0.1656
1 245.5 239.0 245.9 248.2 262.0 247.6 261.6 238.3 0.1538
1 432.9 227.2 435.1 228.8 439.7 222.4 437.5 220.8 0.1472
1 644.8 16.1 646.9 17.8 652.0 11.7 649.9 10.0 0.1432
1 330.0 376.6 333.3 377.4 335.5 367.3 332.2 366.6 0.1288
1 247.7 251.5 263.9 248.7 244.4 135.7 228.2 138.5 0.1131
1 501.7 201.3 503.9 203.7 510.1 198.3 508.0 195.9 0.1109
1 237.7 316.6 240.9 319.2 248.8 309.4 245.6 306.9 0.1051
